EAP,HPL,MWS,id,true_label
0.96890095557784,0.015225910445583688,0.015873133976576276,id26305,EAP
0.44916524869316893,0.32245547808990777,0.2283792732169232,id17569,HPL
0.4896117691370743,0.46085255144487997,0.0495356794180457,id11008,EAP
0.011089752309575637,0.013383225061161354,0.975527022629263,id27763,MWS
0.6405285492331725,0.1947730976425373,0.1646983531242902,id12958,HPL
0.16004477932470945,0.05989127167154675,0.7800639490037439,id22965,MWS
0.6435900255544448,0.264177795475158,0.09223217897039716,id09674,EAP
0.6258540768227663,0.19373458245021624,0.18041134072701745,id13515,EAP
0.6609253615701479,0.17492386691395015,0.16415077151590204,id19322,EAP
0.25419883965257567,0.164166168046163,0.5816349923012613,id00912,MWS
0.0618280231255671,0.06458971026450518,0.8735822666099278,id16737,MWS
0.6400482374301544,0.07352698964382776,0.28642477292601776,id16607,EAP
0.014742716099785844,0.914661666249718,0.07059561765049611,id19764,HPL
0.04157349148963284,0.9365958165403542,0.02183069197001303,id18886,HPL
0.884979475810466,0.013716172551985303,0.1013043516375487,id17189,EAP
0.05428438401061266,0.36810787178773197,0.5776077442016554,id12799,MWS
0.8685111229821276,0.04279561073743078,0.0886932662804416,id08441,EAP
0.07846667714093036,0.005745657549213599,0.9157876653098561,id13117,MWS
0.87360121261523,0.06279119804126027,0.0636075893435095,id14862,EAP
0.04694551404816849,0.8024541304608717,0.15060035549095996,id20836,HPL
0.46243465054000715,0.44748998351831276,0.09007536594168022,id11411,EAP
0.06726323534190304,0.8352368514438024,0.09749991321429445,id08075,HPL
0.3131566044858158,0.3483875940113011,0.33845580150288324,id18925,EAP
0.8391390697883133,0.03271204543656049,0.12814888477512631,id19925,EAP
0.40359175381749335,0.43537730875037894,0.1610309374321277,id01704,EAP
0.08840963601319238,0.6106913399012334,0.30089902408557423,id10125,EAP
0.8946303658995615,0.08017890035399328,0.025190733746445218,id02448,EAP
0.8667252599060044,0.09198495630514668,0.041289783788849045,id23451,EAP
0.050028006325043305,0.669811699745703,0.28016029392925373,id27907,HPL
0.04051438280924487,0.9090117282804394,0.05047388891031575,id08121,HPL
0.9860086291693916,0.0036123577363698133,0.010379013094238563,id15222,EAP
0.11109666204243207,0.4062064051785553,0.48269693277901266,id00764,MWS
0.24985026470563035,0.28743523250301745,0.46271450279135223,id00683,MWS
0.24758066717958155,0.2879378038122684,0.46448152900815,id11733,HPL
0.042846828861210266,0.9170825638516773,0.04007060728711231,id03205,HPL
0.07761806442794733,0.7625767348699273,0.15980520070212542,id01948,HPL
0.03367018375199158,0.9623783081343305,0.003951508113677886,id22412,HPL
0.07646702078891923,0.19469537883683202,0.7288376003742488,id05258,MWS
0.28574161048192726,0.6591587757342261,0.05509961378384665,id00144,HPL
0.9725007175793797,0.017255039677584107,0.010244242743036112,id19576,EAP
0.2709360063643483,0.5669431868225487,0.162120806813103,id01577,HPL
0.3009315104028427,0.6246595491242402,0.07440894047291721,id01651,HPL
0.018678719941221247,0.9678002860718604,0.013520993986918244,id27080,HPL
0.08900072670108229,0.11320080595295819,0.7977984673459595,id20751,MWS
0.889044846529118,0.06033897237535813,0.0506161810955238,id21136,EAP
0.800862765440292,0.09929956245914795,0.09983767210055997,id10279,EAP
0.054880837933641374,0.1208180039110969,0.8243011581552616,id12683,MWS
0.20109734915209926,0.5517683187572836,0.2471343320906171,id19180,HPL
0.4658940065217973,0.46956839097854486,0.06453760249965791,id02236,HPL
0.8458259903257829,0.09183770047436045,0.06233630919985687,id11523,EAP
0.971623304092214,0.012269744860481822,0.016106951047304103,id22530,EAP
0.8365224379376629,0.09402828405364584,0.06944927800869118,id22197,EAP
0.4001069941634336,0.10181696387082496,0.49807604196574146,id24941,MWS
0.6528919728515192,0.07586945987774307,0.27123856727073775,id15218,MWS
0.15663228406387106,0.3936158242017676,0.4497518917343614,id02164,MWS
0.38882089535048725,0.49797895120317154,0.11320015344634113,id17654,HPL
0.08745337228176868,0.8960649658741469,0.016481661844084446,id20824,HPL
0.6726512228589928,0.020305441725512588,0.30704333541549456,id21164,EAP
0.10070916138040126,0.27786553888211074,0.6214252997374881,id08820,MWS
0.48203661866491215,0.16086534839333988,0.35709803294174797,id17407,MWS
0.11626288424394325,0.1964555045590322,0.6872816111970246,id05166,MWS
0.07430961156940774,0.8818041293811367,0.043886259049455485,id07779,HPL
0.40452650728695727,0.22238642708393405,0.37308706562910865,id14749,EAP
0.035441203375672595,0.9618047141473686,0.0027540824769588285,id10634,HPL
0.046880624100040076,0.021940941079637285,0.9311784348203226,id03555,MWS
0.705502530884034,0.09668405586699931,0.19781341324896679,id26727,EAP
0.012525952871078796,0.0020180339260838925,0.9854560132028374,id06312,MWS
0.11751004214971424,0.8779699670118422,0.004519990838443611,id24464,HPL
0.8421964858277335,0.09394821819318991,0.06385529597907663,id18006,EAP
0.9089695496730504,0.019238884129589105,0.07179156619736043,id04459,EAP
0.3381380694295354,0.6155055777310062,0.04635635283945834,id06749,HPL
0.8817355425825475,0.08541007292821559,0.03285438448923685,id11062,EAP
0.8004747372152244,0.06364991996018454,0.13587534282459102,id01571,EAP
0.795140388463524,0.08614057639926319,0.11871903513721277,id03152,MWS
0.08335387434569615,0.08980812860389502,0.8268379970504088,id06412,MWS
0.452306970454495,0.1980873563716959,0.34960567317380914,id10155,EAP
0.6107640113032509,0.20668475468093678,0.18255123401581225,id24823,HPL
0.1662050930615129,0.7028893136487286,0.1309055932897584,id06377,MWS
0.11059216521456204,0.4973316948189883,0.39207613996644963,id01222,MWS
0.4920979868227108,0.2071016030118396,0.3008004101654496,id10142,EAP
0.5574010945835202,0.02069457709579725,0.4219043283206827,id08521,MWS
0.5633522532375318,0.36383853551464557,0.07280921124782273,id13267,HPL
0.022307472404815516,0.9623099406248594,0.015382586970325051,id06001,HPL
0.6597849235524208,0.19870588412026052,0.14150919232731865,id22877,EAP
0.8516473892322742,0.0659425619817421,0.0824100487859836,id02647,EAP
0.07063483215621535,0.7964167737028524,0.1329483941409322,id10154,HPL
0.06904763748918125,0.006465817198477432,0.9244865453123414,id22605,MWS
0.024097133685811033,0.09612230864894782,0.8797805576652411,id18034,MWS
0.42103698021292185,0.4331203619765136,0.14584265781056463,id27266,EAP
0.32028117401405076,0.3134399574193533,0.3662788685665959,id10676,MWS
0.017229099371570644,0.006227968208513419,0.976542932419916,id03833,MWS
0.97771165824043,0.01625077077468705,0.0060375709848829225,id16135,EAP
0.6291588785410862,0.2872182166366236,0.08362290482229016,id19878,EAP
0.9565737856596982,0.03231050395328603,0.011115710387015754,id25019,EAP
0.043593897377986496,0.02662529504369148,0.9297808075783219,id18067,MWS
0.00881222458811683,0.005880563352840296,0.9853072120590428,id23088,MWS
0.07110338383324803,0.039564385156855744,0.8893322310098962,id06172,MWS
0.7920062397772746,0.19728125174859965,0.01071250847412582,id08466,EAP
0.277518024948425,0.26192249464996054,0.4605594804016145,id02547,EAP
0.037353988570451684,0.9276138238854397,0.03503218754410858,id04451,HPL
0.18141109091873894,0.1983468919631235,0.6202420171181375,id04853,MWS
0.815843414897229,0.09374295302492336,0.09041363207784764,id21482,EAP
0.03947897922087247,0.9414348485732708,0.01908617220585676,id03072,HPL
0.13998114572547649,0.009468781139610562,0.850550073134913,id08617,MWS
0.05303196151461954,0.8957661934909718,0.05120184499440869,id04159,HPL
0.35154285968273685,0.31436320477554475,0.3340939355417184,id18740,HPL
0.20299948550312027,0.4244007083986568,0.372599806098223,id11321,HPL
0.3890675103270108,0.4559167368265541,0.15501575284643498,id06564,HPL
0.0131321953564818,0.031063162367512324,0.9558046422760058,id01004,MWS
0.07788480094967173,0.09862079879535907,0.8234944002549691,id09114,MWS
0.6495853923873333,0.04541446247752355,0.3050001451351432,id27670,EAP
0.14402626984244504,0.3682625285987569,0.48771120155879805,id15648,HPL
0.5547127379712748,0.3134374175386053,0.13184984449011972,id27679,EAP
0.015220924404011958,0.9333108426788382,0.05146823291714983,id14878,HPL
0.6860227197834214,0.019258630296282678,0.2947186499202959,id15083,EAP
0.07676218941561612,0.006234495133361947,0.9170033154510219,id24979,MWS
0.047824533250979594,0.8519845782127583,0.10019088853626201,id20087,HPL
0.8682438371411613,0.041038133445641,0.09071802941319775,id06500,EAP
0.36728657240154844,0.06289411970107665,0.5698193078973749,id21174,MWS
0.19475574658220995,0.6430468267514706,0.1621974266663194,id23958,HPL
0.4272658332282488,0.3406160293009596,0.23211813747079157,id13881,MWS
0.9000000712933486,0.034828116838056804,0.06517181186859462,id01306,EAP
0.3575323321921289,0.39445524779637764,0.24801242001149354,id15580,HPL
0.07920169512095072,0.02364428478136138,0.8971540200976879,id07787,MWS
0.03741634733413782,0.9546635234156032,0.007920129250258924,id13315,HPL
0.03531250248365425,0.18358780345976367,0.781099694056582,id02772,MWS
0.4631867827684047,0.25467893562250915,0.28213428160908605,id19806,EAP
0.1821226647240899,0.777209472313174,0.040667862962736064,id05293,HPL
0.24346197909648085,0.3298034943054576,0.42673452659806155,id17840,EAP
0.12366350331981872,0.23908644955301206,0.6372500471271693,id10113,MWS
0.04749781167994848,0.920004210180599,0.032497978139452516,id17270,HPL
0.1764638867828635,0.7502625428477407,0.07327357036939566,id24267,HPL
0.24973691452676983,0.32800912145203065,0.4222539640211996,id21317,MWS
0.445162283003235,0.11426071872487509,0.4405769982718899,id24125,EAP
0.06804888008787532,0.04772277758650817,0.8842283423256164,id02655,MWS
0.028236595492647232,0.7185782985018797,0.2531851060054731,id18911,HPL
0.22221862006869,0.7623313330287848,0.015450046902525267,id26487,HPL
0.9611529869243575,0.01599129045666941,0.02285572261897304,id05457,EAP
0.15622063905120995,0.07001268925149484,0.7737666716972952,id07762,MWS
0.7268598894032152,0.23949314476157346,0.033646965835211276,id22890,HPL
0.043980891585986975,0.8723041817826354,0.08371492663137775,id12353,HPL
0.07794534155575765,0.7499469785413189,0.17210767990292347,id05582,HPL
0.6851556365658857,0.09973795034789619,0.215106413086218,id21404,EAP
0.40171118794240623,0.1402802377732095,0.45800857428438424,id14312,MWS
0.030231246165135547,0.14387055047877245,0.825898203356092,id18834,MWS
0.897943712546887,0.043847880831265736,0.058208406621847196,id06817,EAP
0.01653745302206721,0.9643570583796013,0.01910548859833158,id23484,HPL
0.15637006877958945,0.11598052029522969,0.7276494109251809,id05876,MWS
0.09477114872364804,0.3926413385439798,0.512587512732372,id22987,MWS
0.3198793449140477,0.5173193431645264,0.16280131192142577,id05449,HPL
0.9657246720033196,0.014416621465326056,0.01985870653135452,id24399,EAP
0.2938667276558826,0.08138013641267586,0.6247531359314415,id11413,EAP
0.038248002155047346,0.0796319231089862,0.8821200747359665,id03950,MWS
0.5117767246813207,0.17763439810236564,0.31058887721631356,id08447,EAP
0.6634404893638336,0.3285372544052005,0.008022256230965861,id21568,EAP
0.6497903136457145,0.03964109511336007,0.31056859124092556,id25461,MWS
0.04436252673811605,0.02848155408362271,0.9271559191782611,id01207,MWS
0.06193206555926865,0.9218541823948675,0.01621375204586381,id08041,HPL
0.3016042730321249,0.1129320838024714,0.5854636431654037,id03570,MWS
0.03593883078939481,0.9361776182442693,0.027883550966335758,id09713,HPL
0.030798803438283433,0.06154157048999312,0.9076596260717235,id12320,HPL
0.9575826270851246,0.010442564232511803,0.03197480868236348,id18040,EAP
0.006192593498692674,0.0024384587086145088,0.9913689477926928,id27756,MWS
0.31483424456374454,0.6222286330335352,0.06293712240272029,id15641,HPL
0.04589552799070026,0.01131162144147179,0.9427928505678279,id11826,MWS
0.3898359337794808,0.5803897402672857,0.029774325953233507,id06472,HPL
0.16408393876005176,0.1485297338138398,0.6873863274261083,id04172,EAP
0.37909218246306603,0.26211043569013276,0.35879738184680127,id23387,EAP
0.011440017056938366,0.9782741585220294,0.010285824421032125,id16818,HPL
0.5746698411333223,0.07377516838425445,0.35155499048242317,id09068,EAP
0.05329619851579772,0.07574392167729674,0.8709598798069055,id15774,MWS
0.32866661799577856,0.621720219029785,0.049613162974436416,id17128,HPL
0.15808622338136794,0.03609435530849812,0.805819421310134,id08079,MWS
0.0694134877463292,0.04218512852234989,0.8884013837313209,id10542,MWS
0.7277529762902832,0.04932824603630507,0.22291877767341162,id21056,EAP
0.33280608238093257,0.19053071120051415,0.4766632064185533,id12080,MWS
0.15648732374200883,0.24639217976493563,0.5971204964930555,id10888,HPL
0.5884733374360626,0.05919589316630255,0.35233076939763486,id23731,MWS
0.07607372509019844,0.07205480095203852,0.851871473957763,id23209,MWS
0.04413376732855816,0.9520521353360094,0.0038140973354324806,id25905,HPL
0.3268836581898997,0.3609151112349215,0.31220123057517885,id05110,HPL
0.2694041400858798,0.49821761658000313,0.232378243334117,id12871,HPL
0.060354905360446326,0.031260605749252754,0.908384488890301,id04666,MWS
0.4588823178445992,0.3916203413393328,0.14949734081606791,id27629,HPL
0.866720942076365,0.10713885440832821,0.026140203515306795,id05317,EAP
0.8573467409884233,0.12835136219609888,0.014301896815477775,id20597,EAP
0.22916869722378946,0.039383117937630385,0.7314481848385802,id09853,MWS
0.2128362044964583,0.029964174936023855,0.7571996205675178,id09334,MWS
0.5131986810048732,0.24024367816429282,0.246557640830834,id19728,MWS
0.3479651405374127,0.1180734846444034,0.533961374818184,id25281,EAP
0.400408780317717,0.18445088571075904,0.4151403339715239,id03036,MWS
0.6091024864234729,0.2333740325133997,0.15752348106312739,id12020,EAP
0.9367389197933064,0.03996035858129455,0.023300721625399236,id04949,EAP
0.10834708944377415,0.04047022121583507,0.8511826893403909,id09194,MWS
0.8963360607036922,0.07364593756034124,0.030018001735966613,id01172,EAP
0.03236787434949787,0.9552774642069354,0.012354661443566865,id21956,HPL
0.13053371376744347,0.32666368614826596,0.5428026000842905,id01830,HPL
0.9375844693295274,0.010996023497268194,0.05141950717320438,id25698,EAP
0.4976620477792638,0.10359243085867909,0.39874552136205715,id22366,EAP
0.7607223302486722,0.06901906593804724,0.17025860381328065,id17453,EAP
0.062175949007341955,0.8622801216034973,0.07554392938916075,id15797,HPL
0.8977541114759621,0.0753863679991339,0.02685952052490395,id14132,EAP
0.1799445075768285,0.601976272615914,0.21807921980725742,id22533,MWS
0.28992061949772235,0.6794294006094058,0.030649979892871927,id25269,HPL
0.9509761177964016,0.01735864780004581,0.03166523440355283,id06356,EAP
0.33738984479864614,0.17579711798291958,0.48681303721843433,id27761,HPL
0.01048588592205046,0.9832223002009814,0.006291813876968235,id04015,HPL
0.4914715483952774,0.2583184790099515,0.25020997259477107,id08936,EAP
0.1394077440210401,0.7902477814488089,0.07034447453015083,id02672,HPL
0.020506791409158724,0.9725811452340357,0.006912063356805487,id01301,HPL
0.14793031654492217,0.8039162840369956,0.04815339941808244,id11714,HPL
0.14281488563669534,0.022133779602787552,0.8350513347605171,id22514,MWS
0.9364778529487815,0.03355613574319497,0.029966011308023472,id25671,EAP
0.7664231457247388,0.1602429040227842,0.07333395025247699,id27169,EAP
0.7231050303822908,0.2350928938103586,0.041802075807350625,id07849,EAP
0.08581579440925823,0.4810809149175144,0.4331032906732274,id03066,HPL
0.13602133733874888,0.07133288107492888,0.7926457815863223,id19449,EAP
0.011481741452146695,0.9867352155298791,0.0017830430179741892,id15830,HPL
0.0024875016591597437,0.00047640379601150094,0.9970360945448287,id26636,MWS
0.04775087021427137,0.04261683680399867,0.9096322929817299,id00037,MWS
0.5997369859876708,0.23323936711016277,0.16702364690216637,id25376,HPL
0.6722515106721477,0.21228256957866143,0.11546591974919089,id01019,EAP
0.5234568255751254,0.12757018332191983,0.3489729911029547,id04152,MWS
0.10018337500924579,0.8411270485361295,0.058689576454624665,id19373,HPL
0.003933636928928519,0.980771082955535,0.015295280115536637,id04861,HPL
0.9286522500329073,0.009197525478617888,0.06215022448847498,id17577,EAP
0.7535250244417929,0.1094577831889271,0.13701719236928003,id17205,EAP
0.9205069648458517,0.06832635383479863,0.011166681319349704,id03307,EAP
0.20889616906640351,0.7222743869740508,0.06882944395954574,id09691,HPL
0.1446913113203872,0.048069022368456976,0.8072396663111557,id23247,MWS
0.1383637356152294,0.12556409450129427,0.7360721698834763,id02698,MWS
0.1592830495744246,0.010433898192024569,0.8302830522335508,id01371,MWS
0.2529664018158663,0.517561784753627,0.2294718134305067,id11720,HPL
0.30675735738868304,0.0727715442993412,0.6204710983119758,id06141,EAP
0.9643274252503191,0.02196720431140547,0.013705370438275478,id03603,EAP
0.2186153737397531,0.7245457070439791,0.05683891921626771,id20705,EAP
0.6831022851762059,0.013264571718284504,0.30363314310550976,id26332,EAP
0.9304687079729945,0.02673128367778359,0.04280000834922184,id06098,EAP
0.11888149689534866,0.7353252702077828,0.14579323289686857,id19151,HPL
0.7465214272093248,0.04810424478664039,0.20537432800403468,id01329,EAP
0.9555312914556435,0.02077388164836329,0.023694826895993157,id13295,EAP
0.07191158701246991,0.8925942781565019,0.03549413483102809,id09591,HPL
0.1195467789293893,0.6758980006911006,0.20455522037951002,id16597,HPL
0.8570316532652984,0.013364310413355663,0.12960403632134596,id27949,EAP
0.7418090504315739,0.12810419969086984,0.1300867498775562,id27876,EAP
0.7193016449167664,0.10732838933612775,0.17336996574710584,id25218,EAP
0.5065811338841616,0.19420163289419212,0.29921723322164623,id27692,EAP
0.06141912743443667,0.029741904011038368,0.908838968554525,id12312,MWS
0.1596272402389349,0.5647001623678546,0.27567259739321054,id20113,HPL
0.9514853913745351,0.03474901323537633,0.013765595390088516,id27404,EAP
0.22309417146203261,0.533906145551526,0.24299968298644128,id07585,HPL
0.36589382474954707,0.07109214911964495,0.563014026130808,id16895,MWS
0.18285817428036155,0.23231801759096127,0.5848238081286772,id11003,MWS
0.8262638061813546,0.1188602873618807,0.05487590645676469,id08978,EAP
0.7332009948449127,0.16319627229257602,0.10360273286251123,id27809,EAP
0.9253463729796018,0.058318934761480055,0.01633469225891825,id14246,EAP
0.05505087444291379,0.019142479144577316,0.925806646412509,id04980,MWS
0.028619637441295833,0.29497217813434334,0.6764081844243609,id04970,MWS
0.44553806571405896,0.28940786140785624,0.26505407287808486,id01654,MWS
0.2103783334460491,0.19929972161059314,0.5903219449433579,id21585,MWS
0.14517778773215265,0.7342158250866165,0.120606387181231,id05899,HPL
0.772093372997795,0.1571501047257274,0.07075652227647763,id04561,EAP
0.16332055217236588,0.1650790404827798,0.6716004073448544,id20502,MWS
0.07580903941491243,0.016612978454132087,0.9075779821309555,id18908,MWS
0.7359299640105466,0.1767011686183302,0.0873688673711233,id05906,EAP
0.02423274304396896,0.9612051166114676,0.014562140344563393,id17324,HPL
0.9468983087027244,0.01785638101841931,0.03524531027885621,id26919,EAP
0.02221643405318236,0.6332099155053693,0.3445736504414483,id08711,MWS
0.061630820192610715,0.8864061769581159,0.051963002849273465,id20240,HPL
0.053930051357255,0.8886400820259749,0.05742986661676996,id27940,HPL
0.4183369429056187,0.5532970910092393,0.028365966085141997,id11694,HPL
0.34649285856914797,0.057062171685792855,0.5964449697450592,id10469,MWS
0.8765172829414237,0.04043059509540883,0.08305212196316751,id12835,EAP
0.07036628130133941,0.05341589748166881,0.8762178212169917,id15924,MWS
0.08821500827822411,0.10072510601205473,0.8110598857097212,id04515,MWS
0.8480875387956928,0.039570216229504435,0.11234224497480276,id00960,EAP
0.8912560840521033,0.01313619154512542,0.0956077244027713,id23496,EAP
0.5214315823956811,0.23094119022095103,0.24762722738336782,id09682,EAP
0.00666406870718266,0.0009743965937321859,0.9923615346990852,id17159,MWS
0.8247615723042138,0.07255761012633247,0.10268081756945373,id03633,EAP
0.49740900329090104,0.21094761364378392,0.2916433830653149,id16054,EAP
0.7063431021869175,0.17545555450784875,0.11820134330523378,id06053,EAP
0.7684279585759096,0.17110368206869403,0.06046835935539637,id10265,EAP
0.04461462417514772,0.8559447543176398,0.09944062150721246,id16601,HPL
0.7812616514630749,0.11803955704494182,0.1006987914919834,id11834,EAP
0.6073095537247716,0.11213305781467678,0.2805573884605516,id15959,EAP
0.08319267907070918,0.8489906961356722,0.06781662479361862,id26296,HPL
0.17745873000823717,0.352199850972592,0.47034141901917087,id11366,HPL
0.1640945687264496,0.8257789136600903,0.010126517613460164,id08827,HPL
0.015782348645173666,0.005326503768746234,0.9788911475860801,id25430,MWS
0.275871032841493,0.4702415070107043,0.2538874601478029,id15283,EAP
0.1092711019750729,0.8419626661074763,0.048766231917450824,id06697,HPL
0.06658173185567166,0.9239395765417061,0.009478691602622219,id20445,HPL
0.5632257954168767,0.37029316255654693,0.06648104202657647,id16418,HPL
0.7500188002550588,0.17260275810913972,0.07737844163580161,id15440,EAP
0.8313328958607683,0.13086990145644967,0.03779720268278203,id26888,EAP
0.9834047265745833,0.007578611264882771,0.009016662160533824,id27413,EAP
0.06907768389782586,0.8885501155219007,0.04237220058027339,id07783,HPL
0.37426030191116355,0.07901088274138415,0.5467288153474522,id15961,MWS
0.47486715949844727,0.40040632961112477,0.12472651089042801,id19221,HPL
0.0751064491873413,0.27572193717484866,0.6491716136378102,id12753,MWS
0.013927529818793744,0.008641060210676918,0.9774314099705294,id03421,MWS
0.7151176149344618,0.1116193570968793,0.17326302796865886,id20021,EAP
0.7649391734904033,0.20812352051280963,0.026937305996787002,id18395,EAP
0.8038313415598602,0.08177852698995833,0.11439013145018134,id11491,EAP
0.06364212458807854,0.8658388898057937,0.07051898560612763,id22139,HPL
0.12629949273989413,0.415826024310635,0.45787448294947086,id18644,HPL
0.14590134854274645,0.0259928165067918,0.8281058349504617,id26078,MWS
0.9050476749858032,0.05291093726129313,0.042041387752903704,id15507,EAP
0.2208529778201093,0.37907265153250047,0.4000743706473903,id23587,HPL
0.5833104447957818,0.3939409139507921,0.022748641253426,id25959,EAP
0.6784215577818324,0.19789994216163476,0.12367850005653273,id08838,HPL
0.2597898546754509,0.7152904837639835,0.024919661560565565,id14923,HPL
0.11774713539392437,0.5689569081291269,0.3132959564769487,id26470,MWS
0.5410416876642595,0.22797234568573124,0.23098596665000928,id02383,EAP
0.766575952847965,0.09846014146620542,0.1349639056858295,id24619,EAP
0.8280395559189996,0.020241885397562834,0.15171855868343764,id07263,EAP
0.5231885654735796,0.09938658987986627,0.37742484464655407,id19358,EAP
0.8478283150671962,0.09774804483798458,0.05442364009481913,id05571,HPL
0.0006060215286996678,0.9924650737006643,0.006928904770636197,id15343,HPL
0.8464622084147605,0.021497664466198652,0.13204012711904092,id10482,EAP
0.7316813074404991,0.039529466259602006,0.22878922629989876,id27020,EAP
0.11731360308469764,0.02783998791407295,0.8548464090012294,id15133,MWS
0.49381066081299224,0.13689018927504737,0.3692991499119604,id16417,EAP
0.06301435538992158,0.024097059421165818,0.9128885851889126,id25311,MWS
0.3078818512910827,0.19341368452538182,0.49870446418353553,id07402,HPL
0.07292326495699256,0.06436172398277276,0.8627150110602346,id01064,EAP
0.25703068294986625,0.16970748383414622,0.5732618332159874,id05964,HPL
0.5106286198781154,0.14688971618476374,0.3424816639371208,id10044,MWS
0.17089101002733237,0.7692324549842672,0.05987653498840056,id06740,HPL
0.8108548897496525,0.054242984812662924,0.13490212543768465,id17439,EAP
0.6613670612577992,0.121117923393726,0.2175150153484748,id26646,EAP
0.9363664212005486,0.02905978111648749,0.03457379768296391,id15076,EAP
0.09675965121615365,0.81940759619123,0.08383275259261617,id19617,HPL
0.09904612638172522,0.027840719177355287,0.8731131544409195,id21453,MWS
0.2794642857539783,0.2334859995233031,0.4870497147227186,id19419,EAP
0.053737336773389446,0.9132326719170365,0.03302999130957421,id03244,HPL
0.023550653411743876,0.8543391355456998,0.12211021104255637,id20539,HPL
0.9488741340038779,0.024430973180938054,0.026694892815184175,id19740,EAP
0.12583050773287283,0.74662796233541,0.12754152993171713,id06471,HPL
0.35633550966473737,0.3269646874928052,0.3166998028424574,id15807,EAP
0.048023849975976036,0.7978636041185181,0.15411254590550597,id12419,HPL
0.08421842396905764,0.18436701638477773,0.7314145596461646,id14753,MWS
0.23965268198373743,0.5374707845627974,0.22287653345346528,id26980,HPL
0.047637969085759145,0.18850982158145785,0.7638522093327831,id15735,MWS
0.1473952585672845,0.16811846621283533,0.6844862752198801,id12769,MWS
0.4786194906815284,0.14809943679370302,0.37328107252476844,id07126,MWS
0.40509724924760143,0.5034106008339496,0.0914921499184489,id18509,HPL
0.7552177029752298,0.09506505937596092,0.1497172376488093,id09082,EAP
0.9927616268003949,0.0023661014442545683,0.004872271755350494,id04092,EAP
0.18281727664835226,0.48160332315527477,0.3355794001963729,id07307,MWS
0.12381690106440973,0.6742068439175237,0.20197625501806651,id13237,HPL
0.6253262615078896,0.1976267988478114,0.17704693964429893,id03208,EAP
0.9477407413869863,0.01823320202339449,0.03402605658961914,id11259,EAP
0.10435943319047522,0.3893303802257485,0.5063101865837762,id22787,HPL
0.8979219302717187,0.05045673101833723,0.051621338709944085,id06383,MWS
0.5279885357518478,0.3077504638193634,0.16426100042878872,id24551,EAP
0.20166464180322577,0.267163536315974,0.5311718218808003,id18094,MWS
0.06775981957275348,0.16662673159074587,0.7656134488365006,id00620,HPL
0.018785460955697924,0.2576573411832301,0.723557197861072,id27408,MWS
0.0014573696681579314,0.03891892998444125,0.9596237003474009,id02872,MWS
0.7807390833882156,0.11987396229457134,0.099386954317213,id13378,EAP
0.5663563318542818,0.1274909855590489,0.3061526825866694,id06108,HPL
0.06648868142740733,0.8401393337516446,0.09337198482094806,id27149,HPL
0.29445455268336734,0.061099140435352965,0.6444463068812798,id22652,MWS
0.9681612185038071,0.007765988943432882,0.024072792552760035,id21224,EAP
0.35408070778521794,0.5348287567222507,0.11109053549253127,id14826,HPL
0.01344706039930579,0.011071951862554065,0.9754809877381402,id14600,MWS
0.07366925141191896,0.08927458981074483,0.8370561587773363,id13204,MWS
0.6253221613585246,0.05616466231691426,0.31851317632456116,id27106,EAP
0.12950936370297347,0.387494876741769,0.48299575955525736,id24102,MWS
0.8913307975708648,0.025444084039199878,0.08322511838993545,id21512,EAP
0.8118899885862443,0.08028400937446113,0.1078260020392946,id24294,EAP
0.9006082063170923,0.035994154391238015,0.0633976392916697,id17416,EAP
0.5380977838778201,0.36330634631581893,0.09859586980636091,id13943,EAP
0.04546894962921496,0.942036630621501,0.012494419749284136,id04656,HPL
0.8374814213903223,0.11767114199833818,0.04484743661133947,id08804,EAP
0.08940583658515733,0.7429937042814051,0.16760045913343768,id01626,HPL
0.14957020091120013,0.05668994831374205,0.7937398507750579,id22132,MWS
0.5617497962304953,0.13716381270248734,0.30108639106701746,id24059,MWS
0.960877417934691,0.013687430106344992,0.025435151958963932,id10319,EAP
0.010873352394161366,0.9784668122689613,0.010659835336877215,id04715,HPL
0.0391058417033842,0.029226471918477156,0.9316676863781387,id07576,MWS
0.5855107530373136,0.04891839191708077,0.3655708550456057,id20788,MWS
0.7008560590105767,0.1780022875574068,0.12114165343201656,id27005,MWS
0.9032472472457197,0.06936765312358749,0.02738509963069297,id02682,EAP
0.22426704149112794,0.35345914832193537,0.42227381018693677,id16180,MWS
0.044829227845381625,0.010033857098015417,0.9451369150566029,id01549,MWS
0.041407803000344676,0.9022118542824821,0.056380342717173335,id26168,HPL
0.6720020703495723,0.034419523905797444,0.29357840574463034,id22584,EAP
0.54785085680562,0.06195553328033055,0.3901936099140495,id16703,EAP
0.5156972052005663,0.024901232842591554,0.45940156195684223,id05379,EAP
0.7125864633904363,0.11745564458843863,0.16995789202112507,id17025,EAP
0.5436342056256971,0.366736940772273,0.0896288536020299,id07009,HPL
0.2754943568427091,0.560215031525333,0.1642906116319578,id20058,HPL
0.11993470737132764,0.13378364767356946,0.7462816449551029,id20975,MWS
0.5873508179876458,0.29712081873313745,0.11552836327921673,id15401,HPL
0.6932070568672797,0.09180738151354995,0.21498556161917023,id18143,EAP
0.13225386777961626,0.3403910257091857,0.527355106511198,id22919,MWS
0.9915879160222925,0.0015250764835707058,0.006887007494136711,id19258,EAP
0.375418850626036,0.054057383851156,0.570523765522808,id02011,MWS
0.01700339906224808,0.9546283169603769,0.028368283977375054,id19374,HPL
0.11021115844197124,0.7027562096525656,0.18703263190546324,id23978,MWS
0.05191655387928251,0.9464094219029394,0.0016740242177779821,id05170,HPL
0.202377915840866,0.10189261742313024,0.6957294667360039,id10724,MWS
0.4534531246866493,0.0928801373359924,0.4536667379773583,id26472,EAP
0.37406502476110876,0.016843305777930275,0.609091669460961,id08056,MWS
0.21230196824101505,0.33463849008647767,0.4530595416725073,id23159,HPL
0.0655268556352755,0.1304000138013696,0.8040731305633549,id15592,MWS
0.86496547046472,0.03316543754923668,0.10186909198604323,id08709,EAP
0.04495228289126864,0.0034971039692911926,0.9515506131394401,id04043,MWS
0.08307125605469931,0.6698610297925948,0.2470677141527059,id13462,HPL
0.2230667062379464,0.44394348306882253,0.33298981069323114,id01478,MWS
0.15791316494156749,0.6736171797786895,0.16846965527974295,id06151,HPL
0.10819985841444917,0.8616736364613328,0.030126505124218054,id00128,HPL
0.007980286074343656,0.10483984042883623,0.8871798734968201,id16309,MWS
0.9376525458959108,0.03773604428396979,0.02461140982011918,id01437,EAP
0.022547250631887523,0.9746165502541447,0.0028361991139678115,id17059,HPL
0.0643290044308186,0.05158442574797423,0.8840865698212073,id13843,MWS
0.012227132349468,0.033870890011592075,0.95390197763894,id12362,MWS
0.2696984756877867,0.5168947301311227,0.21340679418109063,id18568,HPL
0.750364495185334,0.07901739655985711,0.1706181082548091,id13782,HPL
0.4676008119282653,0.3234138911683588,0.20898529690337594,id06566,EAP
0.8769882813034471,0.09383217392848298,0.029179544768070057,id25194,EAP
0.19944527515374955,0.009179703841025394,0.7913750210052249,id14118,MWS
0.2878891679802592,0.22514479871356505,0.48696603330617566,id26822,MWS
0.21311087300829304,0.03705170342388109,0.7498374235678259,id25538,MWS
0.0015578673557463927,0.0020032685993902643,0.9964388640448633,id00431,MWS
0.6382549417287373,0.10027014106958125,0.2614749172016816,id08336,EAP
0.8428724614659814,0.03653892155037115,0.12058861698364752,id18990,EAP
0.8925321437049237,0.018445735890042336,0.08902212040503385,id24554,EAP
0.18015436337089677,0.7686667589051597,0.05117887772394357,id22547,HPL
0.3485539778915459,0.3055156034575972,0.3459304186508569,id14490,HPL
0.5599542529892653,0.20525239660524716,0.23479335040548752,id19980,EAP
0.0049552806780848255,0.05843314395499289,0.9366115753669223,id02580,MWS
0.2067793706984501,0.7112371217646345,0.08198350753691543,id05358,HPL
0.7409700251430117,0.18193196022465669,0.0770980146323316,id06444,HPL
0.3242150872819264,0.5556093045828966,0.12017560813517693,id10195,EAP
0.003855103414244263,0.9799730293981589,0.016171867187596792,id11425,HPL
0.30779785000587073,0.04165135764373968,0.6505507923503896,id17845,MWS
0.17791353950499203,0.08476383060578942,0.7373226298892185,id19783,MWS
0.07697007505842857,0.6952316946691887,0.22779823027238275,id15816,HPL
0.922433057722325,0.02702152416623399,0.05054541811144096,id08433,EAP
0.8364862033575324,0.12164740233284994,0.04186639430961746,id05956,EAP
0.10814975160818607,0.14131659905595256,0.7505336493358614,id23763,MWS
0.0604404535025482,0.04401236342334689,0.8955471830741049,id11271,MWS
0.8256833681176644,0.04413007977925731,0.13018655210307828,id10467,EAP
0.8717875919323571,0.008787606937201339,0.11942480113044152,id16679,EAP
0.13682696819368298,0.8466298363332373,0.01654319547307992,id26524,HPL
0.02833435759357153,0.014876812216034823,0.9567888301903936,id26341,MWS
0.8626615939841885,0.10084491971450323,0.0364934863013082,id03443,EAP
0.5936448953897587,0.2824711288314523,0.12388397577878892,id22193,EAP
0.11769507093949266,0.8316334507906669,0.050671478269840545,id07485,HPL
0.10089317967283178,0.7988274348104064,0.10027938551676176,id09439,HPL
0.07864314791307488,0.06903443408902596,0.8523224179978992,id15953,MWS
0.49124583231041735,0.35433537649009916,0.1544187911994834,id15598,HPL
0.2179459709398239,0.4225435289678848,0.3595105000922913,id19749,HPL
0.48814695638372924,0.11002909587539797,0.40182394774087293,id27715,MWS
0.9668383018496597,0.024483611993184853,0.008678086157155294,id00017,EAP
0.6422763662769887,0.1830923042095075,0.1746313295135038,id23417,EAP
0.19848903405674848,0.06578174774761214,0.7357292181956394,id04070,MWS
0.1562730197681195,0.6717878297232763,0.1719391505086041,id15872,EAP
0.12613485013132086,0.8331467179489949,0.040718431919684224,id08716,HPL
0.6196905334594518,0.12356167096967298,0.2567477955708751,id00790,EAP
0.7919460974987996,0.09864690698582182,0.10940699551537857,id02057,MWS
0.9461041389244004,0.02751181139250539,0.02638404968309418,id09371,EAP
0.0011191813646506908,0.0010955737753596414,0.9977852448599898,id04818,MWS
0.030281148130734327,0.9673609604943672,0.0023578913748985336,id12567,HPL
0.1502475527809583,0.13351408447844193,0.7162383627405998,id15859,MWS
0.4850358766785766,0.2658071809712666,0.2491569423501567,id27743,HPL
0.5138146522054161,0.3959381871671486,0.09024716062743524,id23113,HPL
0.6447629514982928,0.08488962577174279,0.2703474227299644,id23021,EAP
0.20680557918426248,0.10595558070993763,0.6872388401057998,id19967,MWS
0.8946621121192917,0.08536018737926646,0.01997770050144203,id06222,EAP
0.7693343819636039,0.08202075531408555,0.14864486272231042,id08575,MWS
0.13720274782783448,0.7780938494603243,0.0847034027118413,id24637,HPL
0.019849038923059864,0.014642766642306031,0.965508194434634,id08691,MWS
0.8124141131106039,0.11877783045872024,0.06880805643067596,id16351,EAP
0.29000048685847135,0.2573758752785621,0.45262363786296644,id04184,MWS
0.6402852646464477,0.3170055882538367,0.042709147099715676,id11506,EAP
0.13901150999426617,0.1220342204906755,0.7389542695150583,id17651,EAP
0.04777565126330771,0.9403425287619827,0.011881819974709653,id17399,HPL
0.3191479389898113,0.08652535738015386,0.5943267036300348,id25010,EAP
0.41815695536101,0.5212105039466535,0.060632540692336576,id17426,EAP
0.20856995408023218,0.002975733705391984,0.7884543122143759,id20683,MWS
0.43946468549246387,0.3939497906319802,0.16658552387555586,id18359,EAP
0.8263545537585439,0.019726266564356176,0.15391917967709998,id11810,EAP
0.07167089617573862,0.9178572576186405,0.010471846205620979,id14999,HPL
0.1434095900168968,0.19035590180636308,0.6662345081767401,id03864,MWS
0.4742023930239431,0.05436273301573791,0.471434873960319,id27347,EAP
0.0928295678521752,0.09658605266875882,0.8105843794790659,id05564,MWS
0.44854290545515674,0.4272602177941575,0.12419687675068583,id27054,EAP
0.12029019691485844,0.792796984229955,0.0869128188551867,id09646,HPL
0.04800124636810362,0.014038917153835841,0.9379598364780605,id11380,MWS
0.021139647991586182,0.04072461966572608,0.9381357323426877,id21281,MWS
0.04266113486643043,0.9283562051774632,0.028982659956106382,id15493,HPL
0.009614341416306458,0.0007357978636331478,0.9896498607200603,id26916,MWS
0.6616320996277618,0.13764182689685509,0.20072607347538324,id07810,MWS
0.056907734786282894,0.0596082805025153,0.8834839847112018,id24830,MWS
0.04902630461955121,0.9004965623388977,0.05047713304155104,id10531,HPL
0.7938694539343871,0.07926360709113232,0.12686693897448062,id10855,EAP
0.00310089316157597,0.0020773651876865467,0.9948217416507376,id20493,MWS
0.985342672960193,0.011025296645227748,0.0036320303945793523,id18938,EAP
0.007192017265913399,0.01663659872364956,0.9761713840104371,id17834,MWS
0.6297012072478652,0.2896384120728438,0.08066038067929097,id06425,HPL
0.689862631904124,0.2269807403278824,0.0831566277679936,id06111,EAP
0.7740492614075433,0.14508242947368313,0.08086830911877366,id10637,HPL
0.9209152107355137,0.06089370963875077,0.018191079625735337,id14109,EAP
0.7429066441925934,0.18712311368962944,0.0699702421177771,id14217,EAP
0.5233495623164759,0.2865071822126883,0.19014325547083583,id14524,EAP
0.870050366848532,0.07595810663592917,0.05399152651553888,id07676,EAP
0.0013316114256671525,0.0014257253586179223,0.997242663215715,id16720,MWS
0.9311608845574396,0.04679690031167933,0.02204221513088113,id05393,EAP
0.3565692250400218,0.1809638142648191,0.4624669606951592,id13061,MWS
0.22619040274928892,0.03359464135596339,0.7402149558947477,id21790,MWS
0.02945701114564131,0.02988600893373456,0.940656979920624,id17251,MWS
0.20540025294171946,0.583806299836697,0.21079344722158358,id10810,HPL
0.9244329561776685,0.009333113889307316,0.06623392993302415,id25410,EAP
0.932121580160823,0.04844190095921552,0.019436518879961416,id02685,EAP
0.8247566493886657,0.1315115677817789,0.04373178282955542,id12355,EAP
0.03871438683070065,0.8880908060889677,0.07319480708033149,id21664,HPL
0.8025594913817232,0.041617232371884944,0.15582327624639183,id10797,EAP
0.03842423078278677,0.7251888187379524,0.23638695047926103,id15989,HPL
0.09573799676897893,0.013013106686640519,0.8912488965443804,id08723,MWS
0.49928814945130373,0.10388774964574927,0.39682410090294706,id04766,MWS
0.9672732193714376,0.006145744402509892,0.026581036226052554,id20153,EAP
0.659439448727057,0.2795313959004702,0.06102915537247288,id22479,EAP
0.43152717193932333,0.22920688565992692,0.3392659424007497,id05025,EAP
0.8142170776623568,0.1521881367791084,0.03359478555853477,id02529,EAP
0.3239678580442908,0.5365523296154925,0.13947981234021672,id25915,HPL
0.48498502020010614,0.28000308302244065,0.2350118967774532,id16755,EAP
0.13047606903091696,0.2033763399770273,0.6661475909920557,id20221,MWS
0.017010728202659253,0.9529017397082652,0.030087532089075445,id26588,HPL
0.5944707827792262,0.17768436059996276,0.22784485662081116,id19227,EAP
0.09272802937690058,0.003981684287989313,0.9032902863351101,id15299,MWS
0.29786746134962927,0.11151946086956929,0.5906130777808014,id06942,MWS
0.30872318913438423,0.6491156810566423,0.04216112980897343,id16673,EAP
0.09140081509811641,0.7981358545219925,0.11046333037989091,id17924,HPL
0.836819036208497,0.12138365587728689,0.04179730791421609,id08453,EAP
0.9459263684236271,0.028761589598207904,0.025312041978165035,id15828,EAP
0.8291552081134225,0.050435197831502854,0.12040959405507465,id07906,EAP
0.9468794143138625,0.034944871869847946,0.018175713816289712,id17730,EAP
0.913415370434067,0.029392645680061502,0.05719198388587136,id17972,EAP
0.022337067018445587,0.004397375882820887,0.9732655570987334,id10514,MWS
0.6598193358972182,0.18608341317789678,0.154097250924885,id23319,EAP
0.6576222356869837,0.30769525409038734,0.03468251022262894,id00661,EAP
0.8955334861081825,0.05961656194775437,0.044849951944062945,id01817,EAP
0.08070511262238765,0.7801046561926155,0.13919023118499688,id13940,EAP
0.7801477940081478,0.18100960842135655,0.03884259757049566,id00983,EAP
0.8814021871791674,0.0463628579640455,0.07223495485678712,id16041,EAP
0.027738494678233527,0.8703278685064438,0.1019336368153226,id12549,HPL
0.011818983104868596,0.9758217941169739,0.012359222778157486,id00877,HPL
0.20654437182777036,0.7293475807571596,0.06410804741507006,id11109,HPL
0.08990920552843736,0.7965238941186826,0.11356690035288014,id07619,HPL
0.07365919294529878,0.026246005172684973,0.9000948018820162,id19955,MWS
0.8344634079838746,0.0799544512610193,0.08558214075510603,id07755,HPL
0.09159464947648041,0.004492600331570773,0.9039127501919487,id15769,MWS
0.07000510403711796,0.36744360576389107,0.562551290198991,id19584,MWS
0.15966021928029314,0.829912688840834,0.010427091878873003,id12293,HPL
0.09411421737910657,0.34470709362455537,0.561178688996338,id25325,EAP
0.13891789458110732,0.49287756297032004,0.3682045424485727,id26289,MWS
0.7936551076318819,0.1308477179942689,0.0754971743738492,id22401,EAP
0.5072316746673113,0.044169835764629434,0.44859848956805926,id23973,MWS
