EAP,HPL,MWS,id,true_label
0.9998823404312134,9.18651494430378e-06,0.00010847141675185412,id26305,EAP
0.9870657920837402,0.012822876684367657,0.00011134663509437814,id17569,HPL
0.9998266100883484,0.00015416037058457732,1.933315616042819e-05,id11008,EAP
3.704887058120221e-05,0.00011060749238822609,0.9998522996902466,id27763,MWS
0.0012704638065770268,0.9986199140548706,0.00010961146472254768,id12958,HPL
0.000140914591611363,2.812969614751637e-05,0.999830961227417,id22965,MWS
0.9999549388885498,1.979416992980987e-05,2.5317127438029274e-05,id09674,EAP
0.9997833371162415,2.3137754396884702e-05,0.0001935409673023969,id13515,EAP
0.9999409914016724,3.386841490282677e-05,2.5168867068714462e-05,id19322,EAP
0.07442374527454376,0.00012373179197311401,0.9254525303840637,id00912,MWS
3.913249383913353e-05,8.076652011368424e-05,0.9998800754547119,id16737,MWS
0.9937114715576172,3.3006424928316846e-05,0.006255454383790493,id16607,EAP
1.9035916920984164e-05,0.9999575614929199,2.341457729926333e-05,id19764,HPL
0.0028267877642065287,0.9971126317977905,6.067840149626136e-05,id18886,HPL
0.9997569918632507,3.231151640648022e-05,0.0002106975734932348,id17189,EAP
6.5919644839596e-05,5.5077922297641635e-05,0.999879002571106,id12799,MWS
0.9999287128448486,2.378261706326157e-05,4.7389847168233246e-05,id08441,EAP
5.5837008403614163e-05,4.908387563773431e-05,0.9998950958251953,id13117,MWS
0.9999443292617798,3.508039299049415e-05,2.066301749437116e-05,id14862,EAP
3.181677311658859e-05,0.9999517202377319,1.6441972547909245e-05,id20836,HPL
0.9961463212966919,0.0038110895548015833,4.265121242497116e-05,id11411,EAP
4.2231182305840775e-05,0.9999139308929443,4.3827796616824344e-05,id08075,HPL
8.414701005676761e-05,0.99986732006073,4.851069024880417e-05,id18925,EAP
0.9999054670333862,1.884993980638683e-05,7.572700269520283e-05,id19925,EAP
0.0001331537787336856,0.999822199344635,4.468812403501943e-05,id01704,EAP
0.7134150862693787,0.022075699642300606,0.2645091712474823,id10125,EAP
0.9999434947967529,2.896926162065938e-05,2.753489388851449e-05,id02448,EAP
0.9999432563781738,3.0478340704576112e-05,2.6273972252965905e-05,id23451,EAP
9.856855467660353e-05,0.9998511075973511,5.024565689382143e-05,id27907,HPL
1.696384060778655e-05,0.9999485015869141,3.460418520262465e-05,id08121,HPL
0.9989945292472839,6.371043127728626e-05,0.000941719685215503,id15222,EAP
0.00020380306523293257,0.00010573164036031812,0.9996905326843262,id00764,MWS
9.258441423298791e-05,0.00018775765784084797,0.9997196793556213,id00683,MWS
9.761327237356454e-05,0.9998779296875,2.4488434064551257e-05,id11733,HPL
3.9751033909851685e-05,0.9999377727508545,2.2517131583299488e-05,id03205,HPL
0.0009917321149259806,0.9989820122718811,2.6146381060243584e-05,id01948,HPL
2.3414453607983887e-05,0.9999523162841797,2.4299672077177092e-05,id22412,HPL
0.0001436900784028694,5.1939550758106634e-05,0.9998044371604919,id05258,MWS
8.939921099226922e-05,0.9998669624328613,4.365487620816566e-05,id00144,HPL
0.9999462366104126,1.9297742255730554e-05,3.4401942684780806e-05,id19576,EAP
2.1360800019465387e-05,0.9999531507492065,2.5465858925599605e-05,id01577,HPL
0.9961190223693848,0.0037871021777391434,9.38868906814605e-05,id01651,HPL
2.2254998839343898e-05,0.9999467134475708,3.101893889834173e-05,id27080,HPL
3.4532487916294485e-05,0.00013791894889436662,0.99982750415802,id20751,MWS
0.9999483823776245,3.163078145007603e-05,1.998828702198807e-05,id21136,EAP
0.9994599223136902,0.00047051956062205136,6.95958297001198e-05,id10279,EAP
0.002186725614592433,0.00011387284030206501,0.9976994395256042,id12683,MWS
9.818668331718072e-05,0.9998756647109985,2.6067744329338893e-05,id19180,HPL
0.006451440043747425,0.9931924939155579,0.0003560552722774446,id02236,HPL
0.9999076128005981,3.6051533243153244e-05,5.63856701774057e-05,id11523,EAP
0.9998664855957031,5.153855454409495e-05,8.203728793887421e-05,id22530,EAP
0.9998685121536255,3.132089113933034e-05,0.00010012251732405275,id22197,EAP
9.277417848352343e-05,9.313729242421687e-05,0.9998140931129456,id24941,MWS
0.00021173157438170165,1.848284045991022e-05,0.9997697472572327,id15218,MWS
4.053218799526803e-05,9.241738734999672e-05,0.9998670816421509,id02164,MWS
7.813000411260873e-05,0.9998948574066162,2.700100594665855e-05,id17654,HPL
1.9755520042963326e-05,0.9999536275863647,2.6583957151160575e-05,id20824,HPL
0.9997618794441223,1.4678240404464304e-05,0.00022341306612361223,id21164,EAP
0.0004588583542499691,0.0007624630816280842,0.9987786412239075,id08820,MWS
4.365475251688622e-05,9.223678353009745e-05,0.9998641014099121,id17407,MWS
0.00011235194688197225,1.1795641512435395e-05,0.9998757839202881,id05166,MWS
2.3277627406059764e-05,0.9999508857727051,2.586682967375964e-05,id07779,HPL
0.999896764755249,5.4543637816095725e-05,4.860695844399743e-05,id14749,EAP
2.1029691197327338e-05,0.9999560117721558,2.3051532480167225e-05,id10634,HPL
0.00013525065151043236,4.247546530677937e-05,0.9998223185539246,id03555,MWS
0.000885438232216984,0.00022148182324599475,0.9988930821418762,id26727,EAP
6.072888936614618e-05,4.593018820742145e-05,0.999893307685852,id06312,MWS
3.2254662073682994e-05,0.9999488592147827,1.8887612895923667e-05,id24464,HPL
0.9999384880065918,1.5117298971745186e-05,4.6383021981455386e-05,id18006,EAP
0.9998201727867126,5.7492750784149393e-05,0.0001224274019477889,id04459,EAP
0.001274139853194356,0.9985796213150024,0.00014634460967499763,id06749,HPL
0.9999078512191772,5.265998697723262e-05,3.944050695281476e-05,id11062,EAP
0.9999557733535767,2.1070800357847475e-05,2.3096592485671863e-05,id01571,EAP
0.27642950415611267,0.006916899234056473,0.71665358543396,id03152,MWS
4.611013355315663e-05,5.660576789523475e-05,0.9998972415924072,id06412,MWS
0.5974749326705933,0.3831307590007782,0.019394274801015854,id10155,EAP
0.9997856020927429,0.000168974744156003,4.5390195737127215e-05,id24823,HPL
0.00013684765144716948,2.0945319192833267e-05,0.9998421669006348,id06377,MWS
0.00010953192395390943,4.434141737874597e-05,0.9998461008071899,id01222,MWS
0.9998573064804077,9.572328417561948e-05,4.70177001261618e-05,id10142,EAP
0.000275312369922176,6.313341145869344e-05,0.9996615648269653,id08521,MWS
0.00010249378101434559,0.9998384714126587,5.897229493712075e-05,id13267,HPL
9.516296267975122e-05,0.9998458623886108,5.89727314945776e-05,id06001,HPL
0.9999070167541504,7.29684325051494e-05,1.9987459381809458e-05,id22877,EAP
0.9998490810394287,2.6999770852853544e-05,0.00012387412425596267,id02647,EAP
2.3414113456965424e-05,0.9999377727508545,3.8906113331904635e-05,id10154,HPL
5.794653043267317e-05,7.253940566442907e-05,0.9998694658279419,id22605,MWS
4.521960727288388e-05,2.8297707103774883e-05,0.9999264478683472,id18034,MWS
0.9999417066574097,2.9540575269493274e-05,2.8687683879979886e-05,id27266,EAP
5.35931576450821e-05,5.123892697156407e-05,0.9998952150344849,id10676,MWS
2.6478122890694067e-05,0.00010269747872371227,0.999870777130127,id03833,MWS
0.9999407529830933,1.099546170735266e-05,4.8230816901195794e-05,id16135,EAP
0.9999468326568604,1.621862975298427e-05,3.6980076401960105e-05,id19878,EAP
0.9999028444290161,3.72684771718923e-05,5.978794433758594e-05,id25019,EAP
0.000141462980536744,4.965817788615823e-05,0.9998088479042053,id18067,MWS
3.6190671380609274e-05,0.00011039179662475362,0.9998533725738525,id23088,MWS
0.00015416131645906717,1.3056022908131126e-05,0.9998327493667603,id06172,MWS
0.02949683926999569,0.9703834652900696,0.00011975483357673511,id08466,EAP
0.9995458722114563,6.437115371227264e-05,0.0003897271817550063,id02547,EAP
4.7199137043207884e-05,0.9998025298118591,0.00015029178757686168,id04451,HPL
0.000508410157635808,0.003626895137131214,0.9958646297454834,id04853,MWS
0.9998961687088013,5.760952990385704e-05,4.620023173629306e-05,id21482,EAP
1.8486303815734573e-05,0.9999570846557617,2.4442588255624287e-05,id03072,HPL
0.00017248079529963434,1.305578371102456e-05,0.9998144507408142,id08617,MWS
7.542922685388476e-05,0.9998717308044434,5.276103183859959e-05,id04159,HPL
0.00020368167315609753,0.99909508228302,0.0007012654095888138,id18740,HPL
2.5864488634397276e-05,0.999860405921936,0.00011367457045707852,id11321,HPL
3.0418472306337208e-05,0.9999301433563232,3.9441387343686074e-05,id06564,HPL
6.55350522720255e-05,4.73878753837198e-05,0.9998871088027954,id01004,MWS
0.00016431781114079058,0.03328418359160423,0.9665515422821045,id09114,MWS
0.0009753886261023581,5.80073865421582e-05,0.9989665746688843,id27670,EAP
2.7531405066838488e-05,0.9998168349266052,0.00015567168884444982,id15648,HPL
0.9998681545257568,9.405636956216767e-05,3.778019527089782e-05,id27679,EAP
0.00010110126459039748,0.9998308420181274,6.800887786084786e-05,id14878,HPL
0.8964911699295044,0.00023790434352122247,0.10327089577913284,id15083,EAP
5.380193761084229e-05,6.908305658726022e-05,0.9998770952224731,id24979,MWS
2.5070785341085866e-05,0.9999426603317261,3.2254461984848604e-05,id20087,HPL
0.9995471835136414,9.79629039647989e-05,0.0003548510721884668,id06500,EAP
0.0001644174481043592,4.6922737965360284e-05,0.9997887015342712,id21174,MWS
1.0699008271330968e-05,0.999953031539917,3.626504258136265e-05,id23958,HPL
3.4806358598871157e-05,5.0642953283386305e-05,0.9999145269393921,id13881,MWS
0.9994975328445435,2.9992443160153925e-05,0.00047237888793461025,id01306,EAP
0.00010974752512993291,0.9998594522476196,3.077485962421633e-05,id15580,HPL
5.164007598068565e-05,6.708878208883107e-05,0.9998812675476074,id07787,MWS
9.628169209463522e-06,0.9999637603759766,2.6636198526830412e-05,id13315,HPL
5.9090372815262526e-05,5.5293850891757756e-05,0.9998855590820312,id02772,MWS
0.9999057054519653,5.9091562434332445e-05,3.521633334457874e-05,id19806,EAP
3.453560930211097e-05,0.9999178647994995,4.75748092867434e-05,id05293,HPL
0.1427270621061325,0.0007111843442544341,0.8565617203712463,id17840,EAP
3.446803384576924e-05,5.3177001973381266e-05,0.9999123811721802,id10113,MWS
4.868979885941371e-05,0.9996465444564819,0.0003047384670935571,id17270,HPL
1.8413864381727763e-05,0.9999370574951172,4.460604759515263e-05,id24267,HPL
0.00010953197488561273,4.382484621601179e-05,0.9998465776443481,id21317,MWS
0.9998828172683716,2.1994315829942934e-05,9.516647696727887e-05,id24125,EAP
4.340017039794475e-05,8.18778935354203e-05,0.9998747110366821,id02655,MWS
2.8687289159279317e-05,0.9999279975891113,4.331779564381577e-05,id18911,HPL
0.00042218953603878617,0.9994751811027527,0.00010265684250043705,id26487,HPL
0.9999188184738159,1.9486584278638475e-05,6.16868055658415e-05,id05457,EAP
0.004166059195995331,4.7193545469781384e-05,0.995786726474762,id07762,MWS
0.4935639500617981,0.5062562823295593,0.00017972697969526052,id22890,HPL
1.538575997983571e-05,0.9999631643295288,2.144461905118078e-05,id12353,HPL
3.340732291690074e-05,0.9999051094055176,6.156559538794681e-05,id05582,HPL
0.9998878240585327,4.7573379561072215e-05,6.464520993176848e-05,id21404,EAP
4.794665801455267e-05,6.096643483033404e-05,0.9998910427093506,id14312,MWS
2.6947465812554583e-05,0.00010996247874572873,0.9998630285263062,id18834,MWS
0.9998798370361328,3.0357590731000528e-05,8.975027594715357e-05,id06817,EAP
1.6249987311311997e-05,0.9999253749847412,5.840427184011787e-05,id23484,HPL
8.398399950237945e-05,3.466950875008479e-05,0.999881386756897,id05876,MWS
5.1237417210359126e-05,8.300425542984158e-05,0.9998657703399658,id22987,MWS
7.193762576207519e-05,0.9993515610694885,0.0005764301167801023,id05449,HPL
0.9999392032623291,3.3278211049037054e-05,2.7481048164190724e-05,id24399,EAP
0.9986067414283752,4.095827171113342e-05,0.001352383871562779,id11413,EAP
4.021568747702986e-05,0.0001193604402942583,0.9998403787612915,id03950,MWS
0.9999129772186279,1.9297100152471103e-05,6.774930807296187e-05,id08447,EAP
0.9995855689048767,0.00039088615449145436,2.3543412680737674e-05,id21568,EAP
0.0023988736793398857,8.041870751185343e-05,0.9975206255912781,id25461,MWS
0.0001341945317108184,7.030241249594837e-05,0.9997954964637756,id01207,MWS
7.310994988074526e-05,0.9998914003372192,3.5492030292516574e-05,id08041,HPL
0.002502960618585348,0.00046891660895198584,0.9970281720161438,id03570,MWS
1.6571004380239174e-05,0.9999563694000244,2.700266668398399e-05,id09713,HPL
8.732561400393024e-05,0.9998364448547363,7.616676157340407e-05,id12320,HPL
0.6858864426612854,0.0003983358619734645,0.3137151896953583,id18040,EAP
6.0139831475680694e-05,2.8022295737173408e-05,0.9999117851257324,id27756,MWS
3.9828802982810885e-05,0.9999392032623291,2.094735282298643e-05,id15641,HPL
3.2823845685925335e-05,0.0001037045440170914,0.9998635053634644,id11826,MWS
9.837913239607587e-05,0.9998806715011597,2.102810685755685e-05,id06472,HPL
3.487381400191225e-05,0.9998975992202759,6.748413579771295e-05,id04172,EAP
0.9999028444290161,1.618626993149519e-05,8.092626376310363e-05,id23387,EAP
2.586674781923648e-05,0.9999477863311768,2.6376925234217197e-05,id16818,HPL
0.9999269247055054,3.0418374080909416e-05,4.272954538464546e-05,id09068,EAP
0.00016881206829566509,3.231287337257527e-05,0.9997989535331726,id15774,MWS
7.1835340349935e-05,0.9998816251754761,4.64710574306082e-05,id17128,HPL
7.587268919451162e-05,4.975852425559424e-05,0.9998743534088135,id08079,MWS
0.00012508538202382624,6.084279448259622e-05,0.9998140931129456,id10542,MWS
0.9999300241470337,2.959798257506918e-05,4.0376708057010546e-05,id21056,EAP
0.0017751132836565375,8.3023143815808e-05,0.998141884803772,id12080,MWS
0.00027043960290029645,0.9993822574615479,0.0003472513344604522,id10888,HPL
5.054215216659941e-05,7.4115174356848e-05,0.9998753070831299,id23731,MWS
0.00030770208104513586,0.0001331187377218157,0.9995591044425964,id23209,MWS
2.7214169676881284e-05,0.9999459981918335,2.6844632884603925e-05,id25905,HPL
0.016417330130934715,0.9832232594490051,0.00035943344119004905,id05110,HPL
4.8608624638291076e-05,0.9999310970306396,2.0302706616348587e-05,id12871,HPL
9.080563904717565e-05,5.7719575124792755e-05,0.9998514652252197,id04666,MWS
0.9993584752082825,0.00045200667227618396,0.0001895316963782534,id27629,HPL
0.9999276399612427,2.6069099476444535e-05,4.62016869278159e-05,id05317,EAP
0.9274306893348694,0.07235878705978394,0.0002105132007272914,id20597,EAP
0.003325664671137929,0.5653311610221863,0.43134310841560364,id09853,MWS
0.00012459767458494753,6.168032268760726e-05,0.9998137354850769,id09334,MWS
0.0010732515947893262,5.0987127906410024e-05,0.9988757967948914,id19728,MWS
0.9998650550842285,7.003319478826597e-05,6.489674706244841e-05,id25281,EAP
0.00011935707152588293,6.854099774500355e-05,0.9998121857643127,id03036,MWS
0.9999542236328125,2.3186952603282407e-05,2.2561525838682428e-05,id12020,EAP
0.999887228012085,3.556127194315195e-05,7.721917063463479e-05,id04949,EAP
4.5219847379485145e-05,2.2916303350939415e-05,0.999931812286377,id09194,MWS
0.9999403953552246,2.9196378818596713e-05,3.0418783353525214e-05,id01172,EAP
2.0947689336026087e-05,0.9999552965164185,2.3736842194921337e-05,id21956,HPL
0.0002013845951296389,0.00032687949715182185,0.9994717240333557,id01830,HPL
0.9999409914016724,2.8575819669640623e-05,3.041880154341925e-05,id25698,EAP
0.001919085974805057,7.890132837928832e-05,0.9980019927024841,id22366,EAP
0.9998364448547363,1.7364180166623555e-05,0.0001461001520510763,id17453,EAP
1.7399330317857675e-05,0.9999054670333862,7.706991164013743e-05,id15797,HPL
0.9378356337547302,0.000307320908177644,0.061856966465711594,id14132,EAP
0.00016897883324418217,2.119153032253962e-05,0.9998098015785217,id22533,MWS
0.00019035613513551652,0.9997923970222473,1.722829074424226e-05,id25269,HPL
0.9999271631240845,2.7588273951550946e-05,4.530804653768428e-05,id06356,EAP
0.0002601628366392106,3.6326870031189173e-05,0.9997034668922424,id27761,HPL
0.0002710564876906574,0.9997074007987976,2.152304477931466e-05,id04015,HPL
0.0054536606185138226,6.672635208815336e-05,0.9944796562194824,id08936,EAP
0.0025638709776103497,0.4405405819416046,0.5568954944610596,id02672,HPL
2.3368738766293973e-05,0.9999511241912842,2.5465807993896306e-05,id01301,HPL
1.4623817151004914e-05,0.9999535083770752,3.187903348589316e-05,id11714,HPL
4.101249942323193e-05,3.0122822863631882e-05,0.9999288320541382,id22514,MWS
0.9998434782028198,2.1442052457132377e-05,0.0001349896047031507,id25671,EAP
0.986846387386322,0.011715592816472054,0.0014380159555003047,id27169,EAP
0.9997294545173645,0.00021526732598431408,5.528521796804853e-05,id07849,EAP
5.114060695632361e-05,0.9999276399612427,2.1276980987749994e-05,id03066,HPL
0.00011705221550073475,3.897852002410218e-05,0.999843955039978,id19449,EAP
1.8199752958025783e-05,0.9999599456787109,2.1867504983674735e-05,id15830,HPL
3.521691178320907e-05,4.256275497027673e-05,0.9999221563339233,id26636,MWS
0.00011728138633770868,3.590880078263581e-05,0.9998468160629272,id00037,MWS
0.00036900542909279466,0.9995977282524109,3.320193718536757e-05,id25376,HPL
0.9999239444732666,2.6222200176562183e-05,4.9858277634484693e-05,id01019,EAP
0.000173999069374986,3.661493246909231e-05,0.9997894167900085,id04152,MWS
1.2508473446359858e-05,0.9999582767486572,2.919690086855553e-05,id19373,HPL
1.6897804016480222e-05,0.999954342842102,2.8688045858871192e-05,id04861,HPL
0.9999350309371948,2.4299251890624873e-05,4.069359056302346e-05,id17577,EAP
0.9987356066703796,8.587710908614099e-05,0.0011785709066316485,id17205,EAP
0.9999223947525024,3.321272015455179e-05,4.434480069903657e-05,id03307,EAP
0.00027157136355526745,0.9996519088745117,7.645074947504327e-05,id09691,HPL
7.920456846477464e-05,3.80027704522945e-05,0.9998828172683716,id23247,MWS
0.0002102844591718167,4.2141768062720075e-05,0.9997475743293762,id02698,MWS
0.0023580703418701887,0.0001869667903520167,0.9974549412727356,id01371,MWS
8.155879186233506e-05,0.9998761415481567,4.23121455241926e-05,id11720,HPL
0.9999147653579712,5.0642964197322726e-05,3.460301741142757e-05,id06141,EAP
0.9998725652694702,1.899715789477341e-05,0.00010847035446204245,id03603,EAP
0.00021526517230086029,0.9997194409370422,6.526861398015171e-05,id20705,EAP
0.4541454017162323,0.0001862974459072575,0.5456682443618774,id26332,EAP
0.9996039271354675,8.412484748987481e-05,0.0003119518223684281,id06098,EAP
0.00011591669317567721,0.9998612403869629,2.2736361643183045e-05,id19151,HPL
0.9996434450149536,5.965580203337595e-05,0.00029680744046345353,id01329,EAP
0.9998366832733154,4.068958878633566e-05,0.00012266877456568182,id13295,EAP
6.630914140259847e-05,0.9999110698699951,2.2648851881967857e-05,id09591,HPL
1.9832767065963708e-05,0.9999499320983887,3.0300481739686802e-05,id16597,HPL
0.9999121427536011,1.4008180187374819e-05,7.382893818430603e-05,id27949,EAP
0.9997586607933044,1.841057928686496e-05,0.00022297642135526985,id27876,EAP
0.07707950472831726,0.9222082495689392,0.0007123082177713513,id25218,EAP
0.994889497756958,0.00017484546697232872,0.004935625474900007,id27692,EAP
0.00014202113379724324,1.756893288984429e-05,0.9998403787612915,id12312,MWS
9.497826249571517e-05,0.9998562335968018,4.870001066592522e-05,id20113,HPL
0.9999330043792725,2.908233909693081e-05,3.7856509152334183e-05,id27404,EAP
2.4538237994420342e-05,0.999956488609314,1.8924682080978528e-05,id07585,HPL
0.00018924451433122158,1.5747975339763798e-05,0.9997950196266174,id16895,MWS
0.00010783734614960849,1.3005725122638978e-05,0.9998791217803955,id11003,MWS
0.9998953342437744,7.63201605877839e-05,2.8352145818644203e-05,id08978,EAP
0.9986131191253662,0.0010941317304968834,0.0002927611640188843,id27809,EAP
0.9999443292617798,2.102944563375786e-05,3.467169153736904e-05,id14246,EAP
0.0019098380580544472,3.5984707210445777e-05,0.9980541467666626,id04980,MWS
6.774044595658779e-05,0.0001499954960308969,0.9997822642326355,id04970,MWS
0.9999281167984009,1.5028823327156715e-05,5.682907431037165e-05,id01654,MWS
0.00024061235308181494,5.1429833547445014e-05,0.9997078776359558,id21585,MWS
3.6548353818943724e-05,0.999922513961792,4.093221650691703e-05,id05899,HPL
0.9998377561569214,0.00011103878932772204,5.1136008551111445e-05,id04561,EAP
5.990353747620247e-05,5.8859746786765754e-05,0.9998812675476074,id20502,MWS
0.00015966550563462079,8.23494337964803e-05,0.9997579455375671,id18908,MWS
0.9849727153778076,0.014377797953784466,0.0006494659464806318,id05906,EAP
2.0422517991391942e-05,0.9999556541442871,2.4016651877900586e-05,id17324,HPL
0.9998595714569092,6.3765597587917e-05,7.661613199161366e-05,id26919,EAP
0.0003113144193775952,0.006016308907419443,0.9936723709106445,id08711,MWS
0.002779632108286023,0.9971357583999634,8.45753020257689e-05,id20240,HPL
2.5816441848292015e-05,0.999954104423523,2.002747896767687e-05,id27940,HPL
2.642861545609776e-05,0.9999524354934692,2.111192407028284e-05,id11694,HPL
6.774893699912354e-05,2.4777829821687192e-05,0.9999074935913086,id10469,MWS
0.9999374151229858,2.3231894374475814e-05,3.9364716940326616e-05,id12835,EAP
7.058255141600966e-05,6.314634083537385e-05,0.999866247177124,id15924,MWS
6.401554128387943e-05,7.072048174450174e-05,0.9998652935028076,id04515,MWS
0.053360626101493835,0.9433030486106873,0.003336279885843396,id00960,EAP
0.9998722076416016,3.181424108333886e-05,9.591185516910627e-05,id23496,EAP
0.9780499339103699,0.0006719022640027106,0.021278131753206253,id09682,EAP
0.00013393961125984788,1.877536124084145e-05,0.9998472929000854,id17159,MWS
0.999777615070343,0.00012930360389873385,9.313389455201104e-05,id03633,EAP
0.9997900128364563,6.7476874392014e-05,0.0001425698137609288,id16054,EAP
0.9951819777488708,0.000516062427777797,0.00430199084803462,id06053,EAP
0.9918118715286255,0.007400771137326956,0.0007873059366829693,id10265,EAP
8.33296071505174e-05,0.9998714923858643,4.5217122533358634e-05,id16601,HPL
0.9999397993087769,3.473932156339288e-05,2.5565188479959033e-05,id11834,EAP
0.9974556565284729,2.8117734473198652e-05,0.002516290405765176,id15959,EAP
1.663598777668085e-05,0.9999639987945557,1.9335811884957366e-05,id26296,HPL
1.5998632079572417e-05,0.9999614953994751,2.2517664547194727e-05,id11366,HPL
2.396962372586131e-05,0.9999487400054932,2.7267449695500545e-05,id08827,HPL
4.24796344304923e-05,3.705139533849433e-05,0.9999204874038696,id25430,MWS
0.9824790954589844,0.017415562644600868,0.00010534169996390119,id15283,EAP
2.3232139938045293e-05,0.9999480247497559,2.874395067919977e-05,id06697,HPL
2.378295175731182e-05,0.9999427795410156,3.3408578019589186e-05,id20445,HPL
1.97938788915053e-05,0.9999402761459351,3.990671393694356e-05,id16418,HPL
0.9991389513015747,0.0007657234091311693,9.528159716865048e-05,id15440,EAP
0.9999592304229736,1.914781387313269e-05,2.161272641387768e-05,id26888,EAP
0.9998929500579834,1.739911203912925e-05,8.957632235251367e-05,id27413,EAP
6.515398854389787e-05,0.9999147653579712,1.998761399590876e-05,id07783,HPL
5.8861922298092395e-05,2.2871277906233445e-05,0.9999182224273682,id15961,MWS
0.9800277352333069,0.019280293956398964,0.0006919244769960642,id19221,HPL
8.013323531486094e-05,9.914478869177401e-05,0.9998207688331604,id12753,MWS
4.149150845478289e-05,0.00013657788804266602,0.9998219609260559,id03421,MWS
0.9998879432678223,4.469105988391675e-05,6.73518079565838e-05,id20021,EAP
0.9998984336853027,4.12522567785345e-05,6.0256603319430724e-05,id18395,EAP
0.9998038411140442,0.00012242539378348738,7.382094190688804e-05,id11491,EAP
3.936269786208868e-05,0.999886155128479,7.45515208109282e-05,id22139,HPL
8.098365651676431e-05,0.998659610748291,0.0012593965511769056,id18644,HPL
8.870352758094668e-05,4.399728277348913e-05,0.99986732006073,id26078,MWS
0.9996572732925415,1.891901956696529e-05,0.0003237629134673625,id15507,EAP
1.964020702871494e-05,0.999958872795105,2.1402684069471434e-05,id23587,HPL
0.9557041525840759,0.043323639780282974,0.0009722166578285396,id25959,EAP
0.00014681353059131652,0.999824583530426,2.862835390260443e-05,id08838,HPL
7.982744136825204e-05,0.999903678894043,1.650552985665854e-05,id14923,HPL
0.00011223235196666792,0.001076331129297614,0.9988114833831787,id26470,MWS
0.99993896484375,1.556674760649912e-05,4.539715882856399e-05,id02383,EAP
0.9989233613014221,0.00022674098727293313,0.0008498819079250097,id24619,EAP
0.9999216794967651,5.034744390286505e-05,2.8022572223562747e-05,id07263,EAP
0.987163782119751,6.197988841449842e-05,0.012774153612554073,id19358,EAP
2.601866435725242e-05,0.9999442100524902,2.983054582728073e-05,id05571,HPL
9.933559340424836e-06,0.9999395608901978,5.054540088167414e-05,id15343,HPL
0.9999479055404663,3.120125984423794e-05,2.0865867554675788e-05,id10482,EAP
0.9999028444290161,1.4795448805671185e-05,8.236136636696756e-05,id27020,EAP
0.0001323795149801299,1.763786349329166e-05,0.9998499155044556,id15133,MWS
0.9997190833091736,9.778857202036306e-05,0.0001830502733355388,id16417,EAP
0.00022914301371201873,7.571107562398538e-05,0.9996951818466187,id25311,MWS
0.9998784065246582,6.46446060272865e-05,5.6937347835628316e-05,id07402,HPL
0.00012557896843645722,2.829543336702045e-05,0.9998461008071899,id01064,EAP
0.0011316804448142648,0.9972022771835327,0.0016659947577863932,id05964,HPL
0.9998842477798462,2.341286017326638e-05,9.241898078471422e-05,id10044,MWS
9.66640654951334e-05,0.9998718500137329,3.1505056540481746e-05,id06740,HPL
0.001740950858220458,0.007787175942212343,0.9904718399047852,id17439,EAP
0.01718411035835743,4.900278872810304e-05,0.98276686668396,id26646,EAP
0.9999508857727051,1.8558543160906993e-05,3.0538161809090525e-05,id15076,EAP
0.00010368473886046559,0.999672532081604,0.00022382984752766788,id19617,HPL
0.00013684589066542685,3.379855115781538e-05,0.9998292922973633,id21453,MWS
0.6107573509216309,0.0006422856240533292,0.38860031962394714,id19419,EAP
1.4970838492445182e-05,0.9999686479568481,1.6378147847717628e-05,id03244,HPL
3.25713335769251e-05,0.9999532699584961,1.4173887393553741e-05,id20539,HPL
0.013606403954327106,6.669837603112683e-05,0.9863269329071045,id19740,EAP
2.7749782020691782e-05,0.999904990196228,6.722153193550184e-05,id06471,HPL
0.009318333119153976,0.003287053434178233,0.9873945713043213,id15807,EAP
1.885068923002109e-05,0.9999451637268066,3.598254261305556e-05,id12419,HPL
5.307322498993017e-05,3.494249904179014e-05,0.9999120235443115,id14753,MWS
4.430447370395996e-05,0.9990130662918091,0.0009426572942174971,id26980,HPL
0.00010513146116863936,3.755906436708756e-05,0.9998573064804077,id15735,MWS
0.0005223089247010648,8.831547893350944e-05,0.9993894100189209,id12769,MWS
7.469463162124157e-05,7.454888691427186e-05,0.9998507499694824,id07126,MWS
7.169473974499851e-05,0.999875545501709,5.276123556541279e-05,id18509,HPL
0.9999372959136963,2.8132688385085203e-05,3.46037995768711e-05,id09082,EAP
0.9999520778656006,1.827084088290576e-05,2.971448157040868e-05,id04092,EAP
6.0730631957994774e-05,1.7230524463229813e-05,0.9999220371246338,id07307,MWS
0.0020754390861839056,0.9972260594367981,0.0006985878571867943,id13237,HPL
0.9995586276054382,0.00030951015651226044,0.00013182501425035298,id03208,EAP
0.999927282333374,2.7480720746098086e-05,4.521964365267195e-05,id11259,EAP
1.1981866919086315e-05,0.9999151229858398,7.28266459191218e-05,id22787,HPL
0.00013159784430172294,8.155151590472087e-05,0.999786913394928,id06383,MWS
0.9994482398033142,0.0004020591441076249,0.0001496528129791841,id24551,EAP
0.0006726942956447601,0.0008114242227748036,0.9985159039497375,id18094,MWS
0.0004969871952198446,0.11313065141439438,0.8863723278045654,id00620,HPL
2.9654233003384434e-05,9.479476284468547e-05,0.999875545501709,id27408,MWS
5.443656846182421e-05,6.060988380340859e-05,0.9998849630355835,id02872,MWS
0.9976785778999329,0.001290513901039958,0.0010308988858014345,id13378,EAP
0.002600590232759714,0.9972057938575745,0.0001936083717737347,id06108,HPL
2.531664358684793e-05,0.9999358654022217,3.890604057232849e-05,id27149,HPL
0.00018270028522238135,5.8852514484897256e-05,0.9997584223747253,id22652,MWS
0.9999191761016846,3.83771002816502e-05,4.239669215166941e-05,id21224,EAP
3.413418016862124e-05,0.9999449253082275,2.0988423784729093e-05,id14826,HPL
2.199435948568862e-05,9.314388444181532e-05,0.999884843826294,id14600,MWS
2.5067813112400472e-05,0.0001508832792751491,0.9998241066932678,id13204,MWS
0.9999082088470459,4.190229810774326e-05,4.985749183106236e-05,id27106,EAP
0.00010835991270141676,0.004931159317493439,0.9949604272842407,id24102,MWS
0.9999566078186035,1.6603404219495133e-05,2.6844918465940282e-05,id21512,EAP
0.9999221563339233,5.66071794310119e-05,2.119391137966886e-05,id24294,EAP
0.9999208450317383,2.0662531824200414e-05,5.851819150848314e-05,id17416,EAP
0.9998264908790588,1.6248381143668666e-05,0.00015735447232145816,id13943,EAP
2.6325787985115312e-05,0.9999603033065796,1.3367342944548e-05,id04656,HPL
0.9981318116188049,5.4660460591549054e-05,0.00181364465970546,id08804,EAP
0.9981605410575867,0.0018057440174743533,3.367630415596068e-05,id01626,HPL
0.00021193554857745767,3.199748243787326e-05,0.9997560381889343,id22132,MWS
3.792381539824419e-05,0.0002058166137430817,0.9997562766075134,id24059,MWS
0.9999426603317261,3.3934684324776754e-05,2.3322943889070302e-05,id10319,EAP
2.0502380721154623e-05,0.9999523162841797,2.721434248087462e-05,id04715,HPL
6.108702655183151e-05,2.4874971131794155e-05,0.9999140501022339,id07576,MWS
0.9998639822006226,2.7105848857900128e-05,0.0001088939534383826,id20788,MWS
3.792927600443363e-05,6.180624768603593e-05,0.999900221824646,id27005,MWS
0.999923825263977,4.3064545025117695e-05,3.308328450657427e-05,id02682,EAP
0.0007592473994009197,0.0007818200392648578,0.998458981513977,id16180,MWS
4.9453010433353484e-05,0.00037554060691036284,0.9995749592781067,id01549,MWS
8.365653775399551e-05,0.9998809099197388,3.5353292332729325e-05,id26168,HPL
0.9998722076416016,4.683509541791864e-05,8.092378993751481e-05,id22584,EAP
0.9944897890090942,0.00022617595095653087,0.005283987615257502,id16703,EAP
0.999819815158844,5.920200055697933e-05,0.0001210010377690196,id05379,EAP
0.9999521970748901,2.0703577320091426e-05,2.700255390664097e-05,id17025,EAP
3.5562905395636335e-05,0.9999332427978516,3.126179944956675e-05,id07009,HPL
0.042319443076848984,0.9566242098808289,0.0010563471587374806,id20058,HPL
8.252193947555497e-05,2.0144028894719668e-05,0.9998973608016968,id20975,MWS
6.630894495174289e-05,0.9999080896377563,2.56644343608059e-05,id15401,HPL
0.999866247177124,2.6685673219617456e-05,0.00010699677659431472,id18143,EAP
0.9993103742599487,2.9986826120875776e-05,0.0006595636368729174,id22919,MWS
0.9998078942298889,2.834966653608717e-05,0.00016377957945223898,id19258,EAP
0.004491415340453386,2.3816061002435163e-05,0.9954848289489746,id02011,MWS
1.1389161954866722e-05,0.9999641180038452,2.439506715745665e-05,id19374,HPL
4.927253394271247e-05,0.0001258218107977882,0.9998249411582947,id23978,MWS
0.00011546395398909226,0.9998540878295898,3.0356810384546407e-05,id05170,HPL
0.00012981361942365766,6.228525307960808e-05,0.9998078942298889,id10724,MWS
0.9996815919876099,0.00025116989854723215,6.720651435898617e-05,id26472,EAP
0.00011103985889349133,4.1492563468636945e-05,0.999847412109375,id08056,MWS
0.0016331763472408056,0.3896060883998871,0.6087607145309448,id23159,HPL
5.1828606956405565e-05,0.00032884892425499856,0.9996192455291748,id15592,MWS
0.9999086856842041,5.015050555812195e-05,4.117218486499041e-05,id08709,EAP
0.00039897271199151874,4.65466728201136e-05,0.999554455280304,id04043,MWS
1.5966488717822358e-05,0.9999034404754639,8.06108073447831e-05,id13462,HPL
0.00013711457722820342,2.516626591386739e-05,0.9998376369476318,id01478,MWS
0.00017289549577981234,0.9895752668380737,0.010251782834529877,id06151,HPL
2.346014116483275e-05,0.9999486207962036,2.7859608962899074e-05,id00128,HPL
2.3093494746717624e-05,0.00015536868886556476,0.9998216032981873,id16309,MWS
0.9999555349349976,1.944927680597175e-05,2.497336572560016e-05,id01437,EAP
6.81473029544577e-05,0.9999110698699951,2.0702726033050567e-05,id17059,HPL
4.908175833406858e-05,9.895442053675652e-05,0.9998519420623779,id13843,MWS
5.465000504045747e-05,5.34884056833107e-05,0.9998918771743774,id12362,MWS
6.540892354678363e-05,0.9999138116836548,2.078381112369243e-05,id18568,HPL
0.965060293674469,0.03397132083773613,0.0009684035903774202,id13782,HPL
0.01671348698437214,0.9830385446548462,0.00024795503122732043,id06566,EAP
0.9999146461486816,5.369897553464398e-05,3.1691553886048496e-05,id25194,EAP
0.9855604767799377,0.001096835476346314,0.013342632912099361,id14118,MWS
3.487463982310146e-05,4.39138020738028e-05,0.9999212026596069,id26822,MWS
0.0008311031269840896,0.00012820278061553836,0.9990406632423401,id25538,MWS
0.00012484160833992064,5.862648322363384e-05,0.9998165965080261,id00431,MWS
0.9997560381889343,4.0133832953870296e-05,0.0002038164238911122,id08336,EAP
0.9999046325683594,3.5354129067854956e-05,5.9904934460064396e-05,id18990,EAP
0.5241721868515015,0.005044333636760712,0.4707835018634796,id24554,EAP
0.18499809503555298,0.8146571516990662,0.0003447930794209242,id22547,HPL
0.00039806534186936915,0.8681468367576599,0.13145512342453003,id14490,HPL
0.9998291730880737,0.0001145625501521863,5.627123391604982e-05,id19980,EAP
3.507754081510939e-05,0.0001018974871840328,0.9998630285263062,id02580,MWS
1.1568386980798095e-05,0.999953031539917,3.5355842555873096e-05,id05358,HPL
0.9994202852249146,0.0004623026470653713,0.00011746055679395795,id06444,HPL
0.9997525811195374,6.36343756923452e-05,0.00018377287779003382,id10195,EAP
1.468101891077822e-05,0.9999511241912842,3.426799230510369e-05,id11425,HPL
0.00010148079309146851,0.0002269108226755634,0.9996715784072876,id17845,MWS
0.0005447164294309914,5.181741653359495e-05,0.9994034767150879,id19783,MWS
2.444263554934878e-05,0.9999589920043945,1.6571046216995455e-05,id15816,HPL
0.9999200105667114,2.7054475140175782e-05,5.286673695081845e-05,id08433,EAP
0.8699413537979126,0.12968461215496063,0.0003739896055776626,id05956,EAP
4.6651264710817486e-05,0.00010762333840830252,0.9998457431793213,id23763,MWS
2.5865308998618275e-05,8.203939069062471e-05,0.9998921155929565,id11271,MWS
0.031815193593502045,0.0006620789645239711,0.9675227403640747,id10467,EAP
0.9999566078186035,1.341961160505889e-05,2.9889235520386137e-05,id16679,EAP
1.9297895050840452e-05,0.9999542236328125,2.642866274982225e-05,id26524,HPL
5.85132438573055e-05,0.00010512925655348226,0.9998363256454468,id26341,MWS
0.2604455351829529,0.7390477061271667,0.0005067214369773865,id03443,EAP
0.9997876286506653,4.297466148273088e-05,0.00016930543642956764,id22193,EAP
0.9814785718917847,0.01829519309103489,0.00022628955775871873,id07485,HPL
1.1659333722491283e-05,0.9999715089797974,1.6832213077577762e-05,id09439,HPL
0.0008032445912249386,7.108345744200051e-05,0.9991256594657898,id15953,MWS
0.0013366237981244922,0.9986035227775574,5.982698712614365e-05,id15598,HPL
8.155624527717009e-05,0.9998449087142944,7.35361609258689e-05,id19749,HPL
0.06232144683599472,0.00015387716121040285,0.937524676322937,id27715,MWS
0.9999289512634277,1.4256834219850134e-05,5.671823237207718e-05,id00017,EAP
0.9992994070053101,7.363972690654919e-05,0.0006268994766287506,id23417,EAP
0.0007200325489975512,0.00014219879813026637,0.9991377592086792,id04070,MWS
0.17954681813716888,0.8078224062919617,0.012630810961127281,id15872,EAP
0.9979610443115234,0.002005708636716008,3.3277308830292895e-05,id08716,HPL
0.9256778359413147,9.809513721847907e-05,0.0742240846157074,id00790,EAP
0.00018412928329780698,7.888426625868306e-05,0.9997369647026062,id02057,MWS
0.9999067783355713,3.1322088034357876e-05,6.180665513966233e-05,id09371,EAP
2.8627940992009826e-05,0.00016124077956192195,0.9998101592063904,id04818,MWS
0.00019793181854765862,0.9997557997703552,4.628405440598726e-05,id12567,HPL
0.0001076204571290873,7.33907800167799e-05,0.9998189806938171,id15859,MWS
0.031081009656190872,0.016077443957328796,0.9528415203094482,id27743,HPL
0.0001575055212015286,0.9998093247413635,3.307949737063609e-05,id23113,HPL
0.9998846054077148,2.5764276870177127e-05,8.957557292887941e-05,id23021,EAP
8.076620724750683e-05,4.2978470446541905e-05,0.9998762607574463,id19967,MWS
0.9997228980064392,0.0002463220153003931,3.07106165564619e-05,id06222,EAP
0.999221682548523,7.626874139532447e-05,0.000702039513271302,id08575,MWS
9.972932457458228e-05,0.9998397827148438,6.037086131982505e-05,id24637,HPL
0.00014453667972702533,3.59078221663367e-05,0.9998195767402649,id08691,MWS
0.20002830028533936,0.7988909482955933,0.0010808585211634636,id16351,EAP
0.00011912773334188387,3.8750724343117326e-05,0.9998420476913452,id04184,MWS
0.9999008178710938,5.60558692086488e-05,4.314774560043588e-05,id11506,EAP
0.831119179725647,0.0001935032196342945,0.16868729889392853,id17651,EAP
7.282404112629592e-05,0.9998793601989746,4.7852543502813205e-05,id17399,HPL
0.9099173545837402,0.010029605589807034,0.08005306869745255,id25010,EAP
0.99991774559021,4.408552194945514e-05,3.815283707808703e-05,id17426,EAP
5.359232090995647e-05,6.682711682515219e-05,0.9998795986175537,id20683,MWS
0.9999074935913086,4.1902265365934e-05,5.0543781981104985e-05,id18359,EAP
0.9999330043792725,3.2698153518140316e-05,3.433436359046027e-05,id11810,EAP
2.6376719688414596e-05,0.999940037727356,3.360481423442252e-05,id14999,HPL
3.5841119824908674e-05,5.07419063069392e-05,0.9999134540557861,id03864,MWS
0.006126759573817253,0.16108836233615875,0.83278489112854,id27347,EAP
5.411860911408439e-05,5.955386586720124e-05,0.9998862743377686,id05564,MWS
0.9999572038650513,2.0224080799380317e-05,2.256159314129036e-05,id27054,EAP
2.7642799977911636e-05,0.9999485015869141,2.3783088181517087e-05,id09646,HPL
0.0001226678432431072,4.82254326925613e-05,0.9998290538787842,id11380,MWS
8.497519593220204e-05,1.929676545842085e-05,0.9998956918716431,id21281,MWS
1.6124222383950837e-05,0.9999682903289795,1.556720417283941e-05,id15493,HPL
4.399969111545943e-05,3.393398583284579e-05,0.9999220371246338,id26916,MWS
8.171499939635396e-05,8.187475032173097e-05,0.9998363256454468,id07810,MWS
0.0001018989278236404,2.1028032278991304e-05,0.9998770952224731,id24830,MWS
2.6844754756893963e-05,0.9999505281448364,2.260555083921645e-05,id10531,HPL
0.9999343156814575,2.5168699721689336e-05,4.0534912841394544e-05,id10855,EAP
9.278093057218939e-05,2.038126694969833e-05,0.9998868703842163,id20493,MWS
0.9999560117721558,2.411065906926524e-05,1.9871660697390325e-05,id18938,EAP
4.1902934754034504e-05,3.460331936366856e-05,0.9999234676361084,id17834,MWS
0.0010494398884475231,0.9979254007339478,0.001025129808112979,id06425,HPL
0.999891996383667,3.763379936572164e-05,7.03091936884448e-05,id06111,EAP
0.022078758105635643,0.977641761302948,0.0002794273314066231,id10637,HPL
0.7253808975219727,0.0003688786819111556,0.2742501497268677,id14109,EAP
0.9999446868896484,3.494364136713557e-05,2.0422294255695306e-05,id14217,EAP
0.9998127818107605,2.7263740776106715e-05,0.00015998641902115196,id14524,EAP
0.9998536109924316,2.9080028980388306e-05,0.00011728218669304624,id07676,EAP
3.605036545195617e-05,8.870422607287765e-05,0.9998751878738403,id16720,MWS
0.9998158812522888,2.7263826268608682e-05,0.0001568924926687032,id05393,EAP
0.9996522665023804,0.00019946355314459652,0.00014822873345110565,id13061,MWS
0.00024345479323528707,2.327256152057089e-05,0.9997332692146301,id21790,MWS
7.455006561940536e-05,5.8858884585788473e-05,0.9998666048049927,id17251,MWS
1.5355737559730187e-05,0.9999630451202393,2.152854904124979e-05,id10810,HPL
0.9998428821563721,2.0064402633579448e-05,0.0001371152902720496,id25410,EAP
0.9999234676361084,1.0656982340151444e-05,6.592257705051452e-05,id02685,EAP
0.9999345541000366,2.1235609892755747e-05,4.425881343195215e-05,id12355,EAP
2.1570225726463832e-05,0.9999439716339111,3.446912160143256e-05,id21664,HPL
0.9994636178016663,0.0002220415772171691,0.0003143543435726315,id10797,EAP
7.155531056923792e-05,0.9998821020126343,4.638040627469309e-05,id15989,HPL
4.738516508950852e-05,0.0001226679451065138,0.999829888343811,id08723,MWS
0.9998596906661987,0.00010189715248998255,3.8374819268938154e-05,id04766,MWS
0.9999140501022339,2.3095630240277387e-05,6.278042565099895e-05,id20153,EAP
0.9998583793640137,9.187666000798345e-05,4.975773117621429e-05,id22479,EAP
0.9999377727508545,2.3597753170179203e-05,3.8603346183663234e-05,id05025,EAP
0.9998579025268555,9.187661635223776e-05,5.0147958972956985e-05,id02529,EAP
8.49726638989523e-05,0.9998658895492554,4.9082442274084315e-05,id25915,HPL
0.9999196529388428,3.156815728289075e-05,4.879831612925045e-05,id16755,EAP
