id,EAP,HPL,MWS
id02310,0.090895163579,0.051794485345,0.857310351076
id24541,0.906187088522,0.065781660178,0.028031251300
id00134,0.039522067684,0.955799554176,0.004678378140
id27757,0.657785428112,0.311868805659,0.030345766230
id04081,0.818228778815,0.067359752774,0.114411468411
id27337,0.775557281516,0.152275973931,0.072166744553
id24265,0.668770577532,0.322361253994,0.008868168474
id25917,0.023878142736,0.629254039119,0.346867818145
id04951,0.996242412360,0.003463283831,0.000294303809
id14549,0.980971200711,0.006523358213,0.012505441076
id22505,0.018117665084,0.429865701716,0.552016633200
id24002,0.010158978288,0.989128112644,0.000712909068
id18982,0.389467560364,0.433614580329,0.176917859307
id15181,0.165180316316,0.822396023081,0.012423660602
id21888,0.811497728185,0.117207787432,0.071294484384
id12035,0.007828368658,0.001874126823,0.990297504518
id17991,0.705064457761,0.030414626433,0.264520915806
id10707,0.998489023129,0.000897758910,0.000613217961
id07101,0.608049327886,0.058640153479,0.333310518635
id00345,0.415844898683,0.312019548104,0.272135553213
id05912,0.808966931587,0.084844524197,0.106188544215
id13443,0.767588040554,0.135839628666,0.096572330780
id09248,0.648793733085,0.137248676898,0.213957590017
id17542,0.698543773958,0.081082856096,0.220373369946
id06995,0.126685802654,0.020632861301,0.852681336045
id25159,0.455804804742,0.023626404691,0.520568790567
id25729,0.549717003776,0.323157951710,0.127125044514
id26949,0.863104288017,0.103348754298,0.033546957685
id27191,0.108341680547,0.017098713573,0.874559605880
id07668,0.566847280850,0.013316195352,0.419836523799
id02230,0.188711827308,0.552493663882,0.258794508810
id15553,0.987087214860,0.001296942932,0.011615842208
id25688,0.002669413917,0.994782736543,0.002547849541
id17545,0.814868698004,0.155044180014,0.030087121982
id13929,0.140412670975,0.130614751259,0.728972577766
id12880,0.054779907280,0.932192216876,0.013027875844
id19282,0.703504424557,0.169977028853,0.126518546591
id14690,0.001953183872,0.001282331212,0.996764484916
id17975,0.378123679943,0.574919599300,0.046956720757
id08037,0.873521594581,0.024718734281,0.101759671138
id15412,0.268532751389,0.014167206272,0.717300042339
id25032,0.736013407063,0.093269346984,0.170717245953
id27165,0.901854874760,0.028209246507,0.069935878733
id03327,0.540223327789,0.388006755916,0.071769916295
id18515,0.949117671982,0.020109780018,0.030772548000
id21003,0.726279132723,0.082699412661,0.191021454616
id23855,0.013054590816,0.928002718489,0.058942690694
id20724,0.630703572597,0.103254015936,0.266042411467
id13303,0.824585614872,0.095993685514,0.079420699614
id16521,0.008321443285,0.508054172257,0.483624384458
id20775,0.966461072072,0.026863837453,0.006675090474
id13029,0.803461482755,0.159016341005,0.037522176241
id14660,0.977735652737,0.017668441734,0.004595905530
id11028,0.022722399430,0.000908938798,0.976368661772
id14180,0.977768275124,0.011262598045,0.010969126830
id25860,0.955127994039,0.021203744754,0.023668261207
id11910,0.464359117316,0.043358094197,0.492282788487
id08065,0.089058476525,0.019399407187,0.891542116289
id22674,0.021025646001,0.039650475573,0.939323878426
id25018,0.527954731043,0.071291381406,0.400753887551
id10892,0.016557342241,0.972028125488,0.011414532271
id10217,0.173522722640,0.816069293858,0.010407983503
id12996,0.654981845582,0.045784559992,0.299233594427
id18262,0.498272975349,0.380756940161,0.120970084490
id08606,0.025127685224,0.973249694471,0.001622620306
id17233,0.156436145817,0.013647697605,0.829916156579
id00101,0.886982482859,0.054886079823,0.058131437318
id12225,0.635135881130,0.179335080347,0.185529038523
id01364,0.110043151749,0.860239181832,0.029717666418
id24973,0.457898369720,0.013120350499,0.528981279781
id25363,0.800140636150,0.004654523101,0.195204840749
id10061,0.561672450985,0.123020640364,0.315306908651
id17673,0.549142868349,0.261241603558,0.189615528093
id13249,0.564993220182,0.036087650847,0.398919128971
id10107,0.140085654945,0.033803377168,0.826110967887
id04403,0.972150615397,0.005361652230,0.022487732373
id25728,0.775360866031,0.020490756587,0.204148377383
id16184,0.139346541469,0.476996012180,0.383657446351
id03438,0.177506732913,0.004387804334,0.818105462753
id22923,0.001384081653,0.997723888737,0.000892029610
id08610,0.973866704398,0.012886818473,0.013246477129
id25355,0.229545227816,0.142764651636,0.627690120548
id16916,0.571552094716,0.404149962137,0.024297943147
id12793,0.186403533360,0.734423245922,0.079173220718
id11859,0.516617149763,0.003723857925,0.479658992312
id02434,0.989093645973,0.010167115050,0.000739238976
id27703,0.042925574950,0.005764066533,0.951310358518
id25212,0.017431849688,0.836602490823,0.145965659489
id11308,0.062948358386,0.042608755048,0.894442886567
id26094,0.745296694087,0.103378594927,0.151324710987
id22080,0.850420603813,0.146160331455,0.003419064732
id03545,0.828367997375,0.168287649845,0.003344352780
id23725,0.148953540720,0.023552820522,0.827493638758
id12009,0.877284335329,0.102448385407,0.020267279264
id24241,0.461719508910,0.440724620363,0.097555870727
id03596,0.008102022894,0.982852017277,0.009045959829
id10749,0.191511145740,0.782467892371,0.026020961889
id22794,0.012254628660,0.097667176243,0.890078195097
id15482,0.099394463476,0.495496983782,0.405108552742
id04833,0.775783457808,0.197733432594,0.026483109598
id00397,0.043120325959,0.002198256469,0.954681417572
id14691,0.121397675732,0.330041817462,0.548560506806
id05193,0.069646713913,0.009362702736,0.920990583351
id19541,0.904950335626,0.012886559246,0.082163105128
id22166,0.092716114924,0.035868474252,0.871415410825
id20744,0.018932446236,0.003181163519,0.977886390245
id10392,0.000912713702,0.021266093677,0.977821192621
id00770,0.874643804331,0.071044924157,0.054311271512
id06018,0.677751447665,0.253848409869,0.068400142467
id15678,0.503518955653,0.132637714042,0.363843330305
id08305,0.813281729497,0.171780244098,0.014938026405
id08903,0.296835283623,0.259988520903,0.443176195474
id14752,0.267187084553,0.669707842618,0.063105072829
id12468,0.163009357569,0.825294717819,0.011695924612
id05085,0.255361899443,0.720827139726,0.023810960831
id21993,0.507089861002,0.003514811966,0.489395327032
id15503,0.680759436866,0.255255815555,0.063984747580
id03021,0.003033611668,0.986051091875,0.010915296457
id16123,0.705777512286,0.254976863647,0.039245624067
id19383,0.970254587814,0.022355655692,0.007389756494
id04186,0.965898606780,0.020977856258,0.013123536961
id17954,0.014309385559,0.009977624167,0.975712990274
id12030,0.270123692547,0.049337724141,0.680538583312
id13020,0.886708433703,0.057666156705,0.055625409592
id25327,0.031061324150,0.860809274001,0.108129401849
id16344,0.496619891794,0.029485118071,0.473894990135
id12303,0.401855984370,0.580771382440,0.017372633190
id15017,0.647302612859,0.314349523636,0.038347863506
id22308,0.311386312157,0.011937665461,0.676676022383
id06536,0.040158512200,0.430876406391,0.528965081409
id19797,0.304976820909,0.567237469324,0.127785709767
id06332,0.256327863071,0.176926234250,0.566745902679
id22941,0.138556487936,0.580128018467,0.281315493597
id13547,0.129556688743,0.312881489927,0.557561821330
id06928,0.089515874713,0.002904570368,0.907579554919
id12521,0.449612378624,0.421945060250,0.128442561126
id25716,0.875910769062,0.009200940589,0.114888290350
id27116,0.000629235995,0.000023900066,0.999346863940
id19941,0.285098918469,0.563104125196,0.151796956335
id05711,0.003503225837,0.003652036118,0.992844738045
id02097,0.016363015060,0.025426383275,0.958210601665
id03563,0.012377407297,0.980270822598,0.007351770105
id02295,0.665535015575,0.261685910046,0.072779074379
id08179,0.986111668251,0.006886981789,0.007001349960
id05332,0.052235779158,0.933179381437,0.014584839405
id15697,0.267843660316,0.367953470934,0.364202868750
id17026,0.552489326566,0.233008513312,0.214502160123
id04243,0.816737023733,0.176246481269,0.007016494998
id13175,0.888252095894,0.101090395401,0.010657508705
id05387,0.860095870321,0.067336703260,0.072567426418
id19989,0.482544642122,0.347880484889,0.169574872989
id25173,0.376368986657,0.157423109979,0.466207903364
id08925,0.196039685057,0.796075016500,0.007885298443
id03034,0.089225691200,0.853104011632,0.057670297168
id13272,0.009072594918,0.945899068476,0.045028336606
id07956,0.910400761286,0.016202337543,0.073396901171
id02648,0.046261982217,0.002715711981,0.951022305802
id01778,0.316244947735,0.044382414790,0.639372637475
id12846,0.006215013094,0.016212556104,0.977572430803
id19001,0.404590370117,0.015121745896,0.580287883986
id05763,0.840499914770,0.018926213086,0.140573872144
id15590,0.028137923807,0.000380830282,0.971481245911
id04912,0.680120060594,0.307532171471,0.012347767935
id21201,0.632501643286,0.152190678013,0.215307678701
id13215,0.988590759054,0.001969144983,0.009440095964
id15612,0.106973033659,0.874140354099,0.018886612242
id18501,0.414602082936,0.049069935975,0.536327981089
id07223,0.770479578761,0.153534880855,0.075985540384
id06707,0.347330071593,0.579096199638,0.073573728769
id05238,0.011302560908,0.975593766126,0.013103672966
id00935,0.109518692305,0.292300380722,0.598180926973
id00110,0.519626817627,0.093044051471,0.387329130902
id17476,0.743261173545,0.180750002992,0.075988823463
id15170,0.766040746124,0.196789483026,0.037169770851
id13397,0.157255372561,0.079739531500,0.763005095939
id24283,0.864494016761,0.120414444562,0.015091538677
id15234,0.961074302307,0.017481893054,0.021443804640
id16884,0.216546261406,0.163252513347,0.620201225247
id07831,0.686809197402,0.254066574668,0.059124227930
id16038,0.935297651877,0.060084014507,0.004618333616
id03629,0.928398850961,0.028782990337,0.042818158702
id21019,0.923366551606,0.012801080289,0.063832368106
id21835,0.482749730198,0.189902314285,0.327347955518
id04480,0.014423178587,0.982643009547,0.002933811866
id20838,0.610712893205,0.349301886068,0.039985220726
id24195,0.559091016425,0.025919468584,0.414989514991
id05448,0.532845652507,0.358331282554,0.108823064939
id15957,0.020734272771,0.966673898473,0.012591828757
id19956,0.045051620338,0.002845575732,0.952102803930
id15104,0.075020573452,0.214090928902,0.710888497646
id17559,0.597253941661,0.350514536899,0.052231521440
id16839,0.438957844285,0.327936313530,0.233105842185
id14493,0.547159901424,0.017907096865,0.434933001711
id08833,0.749636404471,0.030621511176,0.219742084353
id15723,0.113368028670,0.057700016474,0.828931954855
id02716,0.942980340815,0.022263169287,0.034756489898
id06689,0.193887360560,0.785168366129,0.020944273312
id18837,0.576658948456,0.112022840683,0.311318210861
id04466,0.923142113278,0.021356526792,0.055501359930
id00686,0.775830634514,0.159295310191,0.064874055295
id09010,0.085868668038,0.901772117258,0.012359214705
id23353,0.980228748688,0.002304122220,0.017467129093
id00066,0.979894256571,0.011353687514,0.008752055915
id15724,0.485462494927,0.433303213000,0.081234292072
id23486,0.069341198315,0.001471790955,0.929187010730
id22258,0.029572133508,0.009218277737,0.961209588755
id02292,0.680620983177,0.199740498401,0.119638518422
id16356,0.082865779469,0.166007107606,0.751127112925
id00235,0.825117190621,0.105364747455,0.069518061924
id25522,0.254596159387,0.036296979370,0.709106861243
id04204,0.006590998649,0.992133440791,0.001275560559
id22016,0.328544248387,0.079902140907,0.591553610706
id06480,0.005691060924,0.969629691466,0.024679247610
id08718,0.128248328377,0.006696857283,0.865054814339
id05251,0.035725581408,0.955693628918,0.008580789673
id03359,0.321747358044,0.031145986095,0.647106655861
id16117,0.079943788104,0.011362764547,0.908693447349
id17000,0.033332929268,0.962480860071,0.004186210661
id01730,0.027934455302,0.967339992758,0.004725551939
id00630,0.937373515800,0.062329053361,0.000297430839
id18175,0.511835421291,0.009448023678,0.478716555031
id00907,0.663438652274,0.127428328877,0.209133018848
id18251,0.025049654495,0.971003571756,0.003946773749
id25861,0.430723875068,0.355053154806,0.214222970126
id00398,0.790609230882,0.138189502233,0.071201266885
id27573,0.996898217363,0.000512705273,0.002589077364
id10022,0.046081065164,0.799282127817,0.154636807019
id15901,0.093608590093,0.006138127061,0.900253282846
id00451,0.124789116025,0.094773754404,0.780437129571
id23129,0.230469022657,0.686858382794,0.082672594549
id26498,0.382237917224,0.132168377873,0.485593704902
id14741,0.457657999431,0.421512742635,0.120829257935
id18453,0.544160937180,0.068922563887,0.386916498933
id08309,0.824611618818,0.153546650404,0.021841730778
id00320,0.938356988460,0.039677413261,0.021965598279
id07688,0.160019649075,0.322479597109,0.517500753816
id01556,0.007762914490,0.000925463871,0.991311621639
id00178,0.673799034472,0.158171374155,0.168029591373
id18902,0.004005978666,0.007466260319,0.988527761015
id27002,0.555908931369,0.421349083197,0.022741985434
id21418,0.895966235338,0.028151652793,0.075882111869
id23018,0.558714423653,0.239610906598,0.201674669749
id07032,0.209492799415,0.195599926066,0.594907274520
id16195,0.567912334851,0.306451384229,0.125636280920
id11202,0.724917136325,0.264503793254,0.010579070422
id09578,0.753281263939,0.030227016194,0.216491719868
id26984,0.808051643744,0.019257699559,0.172690656698
id19856,0.012823823402,0.983981206817,0.003194969781
id12086,0.315562327976,0.087774902465,0.596662769559
id12052,0.013347911737,0.104428814252,0.882223274011
id17728,0.014058964495,0.019358058438,0.966582977067
id24608,0.913272956254,0.062211814626,0.024515229120
id21097,0.171325893435,0.207822938040,0.620851168525
id20179,0.042514718018,0.034346912439,0.923138369543
id15144,0.685382088968,0.235498800422,0.079119110610
id00206,0.990841603091,0.002157311656,0.007001085252
id22285,0.112136504698,0.016132741876,0.871730753425
id06417,0.306611003163,0.633005458552,0.060383538285
id00215,0.013244556484,0.985362558689,0.001392884828
id04201,0.130851099130,0.058331361991,0.810817538879
id21771,0.717306472857,0.248760477135,0.033933050008
id12451,0.171259107745,0.079688614631,0.749052277625
id14250,0.133957193679,0.507500403036,0.358542403285
id03433,0.193005351254,0.588188522107,0.218806126639
id03303,0.133777640273,0.018757079793,0.847465279934
id25901,0.373903096046,0.403962587316,0.222134316639
id06945,0.622724877961,0.040678138340,0.336596983698
id05664,0.837393715704,0.073803568420,0.088802715875
id05741,0.990810152265,0.005756791305,0.003433056430
id10652,0.921570160042,0.045660772796,0.032769067161
id16300,0.903802388875,0.003459299364,0.092738311761
id12319,0.668300238224,0.111439394913,0.220260366862
id07500,0.005708867586,0.991781060251,0.002510072164
id12478,0.105043451092,0.182853857965,0.712102690944
id03076,0.310502300791,0.006650031795,0.682847667415
id00969,0.300132811020,0.665460092795,0.034407096185
id23636,0.010572492477,0.901820398528,0.087607108995
id09791,0.139231644294,0.253110491743,0.607657863964
id05680,0.025088585050,0.801677206110,0.173234208840
id03672,0.039921686196,0.930349703501,0.029728610303
id04286,0.006287980929,0.889710379566,0.104001639505
id23883,0.091633991231,0.171472596812,0.736893411957
id11914,0.201506979389,0.026633047810,0.771859972801
id20974,0.031056719398,0.960739081734,0.008204198869
id26125,0.618308017613,0.187481296234,0.194210686153
id15543,0.399968247372,0.085341462098,0.514690290530
id19471,0.657894368447,0.059813309980,0.282292321573
id11503,0.869648516237,0.090621708960,0.039729774804
id09321,0.330578520599,0.371170334267,0.298251145134
id25560,0.000626111528,0.005445606557,0.993928281916
id06726,0.494246558243,0.216861985707,0.288891456049
id05709,0.985159583677,0.002105053929,0.012735362394
id09788,0.041943764113,0.365545494785,0.592510741102
id05289,0.910082602307,0.077601096571,0.012316301122
id11815,0.124919816980,0.861479261176,0.013600921843
id22422,0.772914682794,0.122274025153,0.104811292053
id25954,0.479406174384,0.335338849628,0.185254975988
id13601,0.741851208139,0.042721911630,0.215426880231
id05677,0.957499957442,0.004714737720,0.037785304838
id10498,0.093159014486,0.865973692437,0.040867293077
id02665,0.650665612958,0.250289526048,0.099044860995
id10114,0.151136428748,0.673176377348,0.175687193904
id26314,0.803854307234,0.084391537633,0.111754155134
id21240,0.331499680231,0.159021490763,0.509478829007
id15569,0.959402011752,0.029026317999,0.011571670249
id25928,0.039199551004,0.062282231791,0.898518217205
id22706,0.117981840662,0.839612303316,0.042405856022
id20877,0.000593468536,0.979185958226,0.020220573239
id04318,0.784581016534,0.011242289139,0.204176694327
id18299,0.165522107761,0.436768423673,0.397709468566
id08126,0.024042274953,0.006152443197,0.969805281850
id14293,0.400259277165,0.077075152832,0.522665570003
id12759,0.860704153083,0.010991651820,0.128304195097
id11983,0.741856876125,0.078299465083,0.179843658791
id05580,0.134508072060,0.652358738268,0.213133189672
id25846,0.179244402427,0.748831785944,0.071923811629
id01939,0.535264219706,0.036296292995,0.428439487299
id26327,0.209289804757,0.494698519253,0.296011675990
id11068,0.009413982602,0.002711512103,0.987874505295
id08404,0.993992989291,0.003502527723,0.002504482986
id27189,0.833821725276,0.158870099522,0.007308175203
id15119,0.039947802006,0.898005906380,0.062046291615
id26525,0.846754178357,0.018458688828,0.134787132815
id03618,0.312466628279,0.569035594556,0.118497777165
id27220,0.928483674720,0.029481599084,0.042034726196
id18777,0.030613709009,0.000372490736,0.969013800255
id20213,0.655636766693,0.324605178669,0.019758054638
id20403,0.774032273016,0.097638407551,0.128329319433
id03777,0.086811530783,0.556693502356,0.356494966861
id10595,0.236422419837,0.736869989792,0.026707590371
id13816,0.801087177820,0.064789569698,0.134123252483
id05667,0.081288289807,0.007580350446,0.911131359747
id24629,0.728560424015,0.036797209316,0.234642366669
id20398,0.268729150490,0.082886320019,0.648384529491
id14108,0.004056102352,0.001327375289,0.994616522359
id06196,0.009003771368,0.988093077410,0.002903151222
id02800,0.249719099647,0.581794430305,0.168486470048
id18732,0.034629774560,0.942539549132,0.022830676309
id11915,0.009047133845,0.985071178406,0.005881687749
id09739,0.870982598971,0.090274398972,0.038743002057
id24672,0.919058398074,0.031786011111,0.049155590815
id00414,0.006149429207,0.042837346412,0.951013224380
id16307,0.763391161802,0.109966855303,0.126641982895
id14043,0.248118976433,0.043199632058,0.708681391508
id00517,0.000311728424,0.000756685319,0.998931586257
id09744,0.512744438908,0.484176613095,0.003078947997
id19257,0.980006794759,0.012596199912,0.007397005329
id15437,0.578669201415,0.391876304866,0.029454493719
id16352,0.151511848122,0.061164402433,0.787323749445
id18849,0.473570449599,0.018123307451,0.508306242951
id19434,0.003499706887,0.995869292038,0.000631001075
id17928,0.104394535914,0.211559132369,0.684046331717
id16896,0.050173309787,0.012527663848,0.937299026365
id02135,0.093623413155,0.707570998235,0.198805588610
id15075,0.952204704446,0.032460190206,0.015335105348
id27486,0.003483233004,0.991708249701,0.004808517295
id19422,0.860504209689,0.133548500097,0.005947290215
id09603,0.028270507862,0.924172591870,0.047556900269
id02133,0.061740611493,0.914816762015,0.023442626492
id03441,0.793213937979,0.009879164220,0.196906897801
id02398,0.036615209652,0.961031132049,0.002353658299
id05152,0.046682158832,0.116302459526,0.837015381642
id17838,0.628222294333,0.205320787565,0.166456918102
id25060,0.559356005178,0.394643094419,0.046000900403
id09998,0.101588168393,0.065611220682,0.832800610925
id01828,0.072622052678,0.724197671267,0.203180276055
id25377,0.567028630729,0.107155014714,0.325816354557
id22175,0.012210055361,0.986754878163,0.001035066476
id02974,0.062599352766,0.065569251523,0.871831395712
id26955,0.994650575524,0.004980119430,0.000369305046
id21091,0.771358545582,0.091623477264,0.137017977154
id12802,0.870983382172,0.070500774661,0.058515843168
id07432,0.005981283524,0.943672471347,0.050346245129
id18749,0.031748729246,0.954805019625,0.013446251129
id15030,0.003873846412,0.041691279207,0.954434874381
id17155,0.048345257637,0.832268164931,0.119386577432
id08128,0.073639775643,0.471087700501,0.455272523856
id25706,0.004500730565,0.977858651405,0.017640618030
id15645,0.888519783161,0.081383286664,0.030096930174
id04943,0.462815428602,0.297648873958,0.239535697440
id27566,0.006925285006,0.057109077357,0.935965637638
id11765,0.222863087991,0.285991119086,0.491145792923
id13783,0.244432946039,0.628855845076,0.126711208884
id00492,0.271753959623,0.060630291886,0.667615748491
id27636,0.326168236755,0.096765683707,0.577066079538
id04273,0.487456606901,0.341773396283,0.170769996816
id02537,0.145858385434,0.144141542939,0.710000071627
id24349,0.975740050143,0.021816422167,0.002443527690
id00023,0.003244575884,0.952180840525,0.044574583592
id23025,0.197455444935,0.764470947909,0.038073607156
id08722,0.830202178615,0.069457252174,0.100340569210
id02420,0.960205163435,0.037998262381,0.001796574183
id10811,0.947448896517,0.006137767114,0.046413336369
id04019,0.015618515593,0.081249656469,0.903131827938
id18334,0.927649239684,0.065628648978,0.006722111337
id16781,0.921116991476,0.012767292705,0.066115715818
id08773,0.414942804284,0.531029151336,0.054028044379
id19214,0.570584142353,0.369814419693,0.059601437954
id09589,0.000136364847,0.996097292175,0.003766342978
id24246,0.856291586167,0.124809920935,0.018898492898
id23577,0.843125311778,0.155891453281,0.000983234941
id09305,0.920654758507,0.038683464463,0.040661777031
id16460,0.687481894954,0.034235051089,0.278283053957
id21115,0.927243585387,0.020376364922,0.052380049691
id25996,0.296272428603,0.114188353644,0.589539217753
id02551,0.003650744756,0.018501697082,0.977847558162
id19352,0.009169962594,0.001576299841,0.989253737565
id03806,0.060201639200,0.016191880659,0.923606480142
id26544,0.876591468040,0.020053196614,0.103355335346
id18761,0.839832850221,0.050088856091,0.110078293688
id24148,0.012261994040,0.980721670495,0.007016335465
id16095,0.165382056655,0.692827868109,0.141790075236
id18442,0.632782582418,0.246809495000,0.120407922582
id22596,0.000453643684,0.000438772050,0.999107584267
id23002,0.231370232295,0.019667695232,0.748962072473
id04797,0.991202178882,0.007156400955,0.001641420164
id06610,0.358043551574,0.028936941892,0.613019506534
id16173,0.239288363440,0.411825347780,0.348886288780
id18292,0.024426518328,0.422656569383,0.552916912289
id27328,0.965511957524,0.028192776963,0.006295265513
id01695,0.005974056743,0.989772513819,0.004253429438
id05761,0.486886145791,0.024987256003,0.488126598206
id16354,0.956100293312,0.017992235541,0.025907471147
id12207,0.114166960213,0.381972108641,0.503860931146
id05665,0.155438976750,0.021619523886,0.822941499364
id01911,0.937871250865,0.057992569090,0.004136180045
id19153,0.068107216959,0.018952955248,0.912939827793
id10295,0.657247359471,0.063045610898,0.279707029630
id23038,0.241911316769,0.639999886733,0.118088796498
id23783,0.211291217313,0.783797190502,0.004911592185
id27879,0.750397912968,0.237569216180,0.012032870852
id19190,0.163434878088,0.833735719251,0.002829402661
id05065,0.799519497394,0.099957896119,0.100522606488
id21296,0.570697583696,0.385769598154,0.043532818150
id13262,0.198370586819,0.090197064765,0.711432348416
id10333,0.693084112349,0.161238945211,0.145676942440
id16677,0.065429140408,0.909969308899,0.024601550692
id01392,0.602156746269,0.087147087890,0.310696165841
id27874,0.983743936395,0.010828439891,0.005427623714
id02294,0.301418940527,0.574402042207,0.124179017266
id18298,0.007702692751,0.005475332398,0.986821974851
id06997,0.956690093061,0.011729898197,0.031580008742
id05243,0.395139322318,0.326900269818,0.277960407864
id00860,0.003662873841,0.846921098761,0.149416027397
id26681,0.979365882669,0.019116065702,0.001518051629
id06020,0.193695561830,0.003369877257,0.802934560913
id27683,0.741356337149,0.055919581519,0.202724081332
id17655,0.061150722578,0.932504722548,0.006344554874
id08817,0.097508039360,0.012446626693,0.890045333947
id11512,0.001525244224,0.034754121041,0.963720634735
id00478,0.576066802412,0.161886659011,0.262046538577
id02116,0.923636060125,0.030992446842,0.045371493033
id06746,0.871012261615,0.062723503138,0.066264235247
id03863,0.657869077605,0.325537339800,0.016593582595
id01802,0.543230536177,0.306995473766,0.149773990057
id11682,0.688703997820,0.220968810902,0.090327191278
id04033,0.070263888484,0.914650088908,0.015086022607
id09286,0.046943875445,0.707030479575,0.246025644980
id12904,0.864401359152,0.101192382422,0.034406258426
id07420,0.007123262797,0.011517487195,0.981359250008
id22398,0.005154523468,0.992363860280,0.002481616252
id00424,0.105009320000,0.007958324573,0.887032355427
id20960,0.898196816553,0.081416249769,0.020386933678
id10267,0.050138547545,0.944019167155,0.005842285301
id19330,0.674886721419,0.039544078130,0.285569200451
id00994,0.098237945575,0.890345328270,0.011416726155
id10785,0.722809757172,0.087794870210,0.189395372618
id00955,0.318224058279,0.341421577351,0.340354364370
id09757,0.003579705708,0.978564368785,0.017855925507
id10030,0.112130048623,0.018804864007,0.869065087370
id22952,0.072485797002,0.080765966845,0.846748236153
id21955,0.000327278396,0.003251912220,0.996420809384
id07674,0.399400433351,0.378359114714,0.222240451935
id13760,0.296141187505,0.697969709998,0.005889102497
id18166,0.871609158474,0.015603195925,0.112787645601
id23498,0.616887573367,0.330492245495,0.052620181139
id05296,0.968249123531,0.021221694655,0.010529181814
id26709,0.661316485723,0.127119641432,0.211563872845
id02853,0.932992534380,0.045563782436,0.021443683184
id06800,0.616410488543,0.138563302802,0.245026208655
id14758,0.315557322617,0.600895998231,0.083546679152
id12356,0.975791699720,0.009825657370,0.014382642910
id21492,0.703976285383,0.162713083858,0.133310630759
id27540,0.487819502222,0.271053846920,0.241126650858
id07376,0.078168997399,0.713864073587,0.207966929015
id15201,0.666972624896,0.053752961616,0.279274413489
id23388,0.018270144548,0.892129450869,0.089600404583
id13923,0.006172404527,0.989933432546,0.003894162928
id00794,0.004265785825,0.990427687864,0.005306526312
id23910,0.218351041171,0.026964780616,0.754684178213
id02556,0.082643806841,0.641568172324,0.275788020835
id22151,0.009240417024,0.986287333406,0.004472249570
id11698,0.333042160655,0.191535520997,0.475422318348
id11627,0.481096166296,0.148931930998,0.369971902706
id06340,0.896383205588,0.087042592967,0.016574201445
id05123,0.796318660234,0.008791803400,0.194889536366
id26620,0.026189564021,0.003652328880,0.970158107099
id04002,0.011415510863,0.025741274391,0.962843214747
id26554,0.039296135757,0.624659845927,0.336044018316
id18012,0.067980857153,0.356419136716,0.575600006131
id12964,0.250229623521,0.013948127129,0.735822249350
id18965,0.008465238296,0.417185026806,0.574349734898
id19082,0.574209475247,0.023662816322,0.402127708431
id26742,0.066273409911,0.008471038444,0.925255551645
id15442,0.768978168348,0.222316894324,0.008704937329
id16647,0.792921244355,0.012750412354,0.194328343290
id11544,0.278438551614,0.044992272419,0.676569175967
id20581,0.115769638212,0.202231065781,0.681999296008
id13192,0.339393303328,0.574209225505,0.086397471167
id15814,0.161871474085,0.385504070894,0.452624455022
id26279,0.159451928549,0.709817417905,0.130730653546
id00240,0.826991415454,0.035502548983,0.137506035563
id22836,0.970055111185,0.009193814772,0.020751074043
id15085,0.010842845708,0.952602908926,0.036554245366
id17495,0.614752698436,0.020748459231,0.364498842333
id26762,0.704647807755,0.044007949900,0.251344242344
id13685,0.978456441539,0.001086877851,0.020456680610
id16560,0.206591544521,0.777054550868,0.016353904611
id17184,0.045748752921,0.846443900247,0.107807346832
id21635,0.992511959698,0.003708724784,0.003779315518
id26751,0.349242951738,0.397551355445,0.253205692817
id12351,0.974576169929,0.009736464276,0.015687365795
id14872,0.610162338740,0.207805005686,0.182032655574
id18372,0.889222845703,0.083004967734,0.027772186563
id26851,0.889424166758,0.058362954566,0.052212878676
id22659,0.591101766030,0.382899680834,0.025998553136
id04102,0.017434883332,0.005073573636,0.977491543032
id02353,0.011348385757,0.979103925860,0.009547688382
id26721,0.980500067479,0.006502360084,0.012997572438
id11171,0.692817867535,0.011388372189,0.295793760276
id13562,0.584918312384,0.302885158156,0.112196529460
id26425,0.722852803810,0.053249172334,0.223898023856
id26394,0.397801824455,0.072123969791,0.530074205754
id22187,0.818713871821,0.094883815820,0.086402312359
id00422,0.956342911254,0.035518930933,0.008138157813
id22667,0.007554735563,0.986090886813,0.006354377623
id00911,0.293787151088,0.098719573748,0.607493275164
id17291,0.673757867479,0.018531598378,0.307710534143
id01915,0.142515100645,0.548733705168,0.308751194186
id01434,0.058280073736,0.083884177215,0.857835749050
id01584,0.517861986462,0.020272680851,0.461865332687
id09266,0.797891810986,0.158215937925,0.043892251089
id17494,0.010582671469,0.959055991462,0.030361337069
id24919,0.654404202642,0.214655662207,0.130940135151
id21043,0.082209592437,0.000594875411,0.917195532152
id17796,0.017733290013,0.970300900841,0.011965809145
id02166,0.276411034187,0.100689570379,0.622899395434
id17503,0.881351100157,0.077983918497,0.040664981346
id21203,0.950750810915,0.034239701687,0.015009487397
id25626,0.955843098757,0.039620301122,0.004536600121
id09836,0.986089259606,0.009990343986,0.003920396408
id24202,0.037339751619,0.132169772650,0.830490475732
id27260,0.758873595323,0.066664671692,0.174461732985
id23167,0.010462259765,0.007557708724,0.981980031511
id10393,0.002026564342,0.996582738560,0.001390697098
id01171,0.719542044042,0.199820629729,0.080637326229
id06380,0.938025991987,0.020276076391,0.041697931622
id22686,0.119528981872,0.010393640348,0.870077377779
id26250,0.130594599883,0.046047234514,0.823358165603
id09315,0.029778618411,0.555130280169,0.415091101420
id00886,0.075320312282,0.888798704937,0.035880982781
id03101,0.945406462170,0.042629104812,0.011964433019
id12367,0.903404065661,0.003791541654,0.092804392685
id10770,0.960736254812,0.014358142715,0.024905602473
id14949,0.090705326605,0.891917948170,0.017376725225
id14141,0.598218905025,0.382193482397,0.019587612578
id25417,0.385758912450,0.516804465280,0.097436622270
id26873,0.815881135924,0.167846343544,0.016272520532
id10818,0.201982856439,0.029193050370,0.768824093191
id15146,0.953824768263,0.020717536046,0.025457695690
id23328,0.917801375060,0.064920077876,0.017278547064
id16765,0.564563909413,0.400593761100,0.034842329487
id24383,0.987318048044,0.001935555074,0.010746396883
id21304,0.951138396646,0.030319450971,0.018542152383
id12551,0.078881446377,0.898298458190,0.022820095433
id23274,0.280605446294,0.377000037655,0.342394516051
id08117,0.857824437202,0.026571640357,0.115603922441
id23961,0.669851718315,0.206423594404,0.123724687282
id13865,0.066745464996,0.922111743473,0.011142791531
id22807,0.407481264223,0.189792160098,0.402726575680
id08951,0.136335154636,0.014738297155,0.848926548209
id18684,0.976369006441,0.009032751298,0.014598242261
id25179,0.285538930939,0.455970411119,0.258490657942
id27033,0.906646190208,0.055496285414,0.037857524378
id13977,0.099932861665,0.816269404437,0.083797733898
id19337,0.010973006076,0.981136978244,0.007890015680
id25764,0.035714969528,0.961658167604,0.002626862867
id16106,0.172249060006,0.025988423927,0.801762516068
id05468,0.731709747895,0.004958555066,0.263331697038
id05241,0.881888480615,0.004399047969,0.113712471416
id10215,0.674050930477,0.094034627092,0.231914442430
id23457,0.098954960121,0.021941944089,0.879103095790
id02200,0.954170402948,0.025124551521,0.020705045531
id13714,0.550552643699,0.253927200591,0.195520155710
id20332,0.005902149978,0.010638617038,0.983459232984
id18573,0.050782028938,0.035595245191,0.913622725871
id08569,0.682639296534,0.035156339691,0.282204363775
id22767,0.408196551587,0.314127640361,0.277675808052
id25390,0.092946513647,0.848918894973,0.058134591380
id09288,0.942724110186,0.004692110578,0.052583779236
id12381,0.962422538320,0.024195730858,0.013381730821
id02895,0.053845940511,0.009339089490,0.936814969999
id25270,0.005124165124,0.002480900259,0.992394934617
id14248,0.250351537748,0.046771724567,0.702876737685
id12831,0.974933838649,0.007182771786,0.017883389564
id18305,0.852942327045,0.059277727926,0.087779945030
id07805,0.789562698496,0.190403527988,0.020033773516
id14027,0.031918073119,0.081014476194,0.887067450688
id02760,0.900465317024,0.033665244138,0.065869438838
id24362,0.987616387887,0.007032477473,0.005351134640
id17065,0.016628733591,0.980713665309,0.002657601100
id26583,0.322520694665,0.265005912434,0.412473392900
id19664,0.898899762979,0.094812027457,0.006288209564
id25145,0.448603629616,0.399292439680,0.152103930704
id17858,0.031733692215,0.963223607681,0.005042700105
id05148,0.088298670480,0.045484682925,0.866216646596
id22928,0.518610584897,0.425578335843,0.055811079260
id21549,0.215629937190,0.010708556230,0.773661506580
id12649,0.068206048626,0.927275470582,0.004518480792
id21597,0.976754435761,0.017456839346,0.005788724892
id27945,0.884161231875,0.070123192412,0.045715575713
id00243,0.990568381461,0.001212689810,0.008218928728
id02745,0.966120129643,0.006715096986,0.027164773372
id23550,0.010042106830,0.002057142311,0.987900750859
id13023,0.180761015436,0.021335215867,0.797903768697
id24796,0.181418396582,0.028081870004,0.790499733414
id12284,0.318559550191,0.525652049726,0.155788400083
id02664,0.000065274052,0.994094841291,0.005839884657
id23767,0.702916388651,0.056005989014,0.241077622335
id05859,0.231095073742,0.691363658385,0.077541267873
id14350,0.596963463477,0.363621550007,0.039414986516
id01191,0.039168066636,0.684602175147,0.276229758217
id17034,0.843006267210,0.018384403882,0.138609328908
id25292,0.509491878062,0.265520963995,0.224987157943
id22121,0.959517995381,0.026967320451,0.013514684167
id20872,0.983772718430,0.013845479189,0.002381802380
id17720,0.275592439397,0.662081681542,0.062325879061
id22658,0.513596899156,0.471818301805,0.014584799038
id09567,0.680549126150,0.211217520852,0.108233352998
id16445,0.982483938019,0.005837909448,0.011678152533
id08349,0.173327482796,0.034516446459,0.792156070745
id27437,0.021375834013,0.493103448400,0.485520717587
id03812,0.949349330034,0.037302989623,0.013347680343
id22304,0.665389509682,0.220745487355,0.113865002964
id04449,0.644620168113,0.247417758510,0.107962073377
id15605,0.462659648735,0.443053149549,0.094287201716
id01768,0.922256193831,0.038317810251,0.039425995918
id20019,0.248883599265,0.567317070913,0.183799329822
id09593,0.023359831700,0.953141066183,0.023499102117
id23179,0.481426945873,0.031722804496,0.486850249631
id21279,0.970517312837,0.003232068198,0.026250618965
id06711,0.004396390853,0.001546749036,0.994056860111
id14243,0.002133196299,0.994842241440,0.003024562261
id04839,0.012069997330,0.014276571005,0.973653431665
id17220,0.033353432972,0.925833693803,0.040812873224
id24177,0.250530374915,0.026196723684,0.723272901401
id20512,0.147903117980,0.077841131727,0.774255750293
id14036,0.000775122641,0.998768142359,0.000456735000
id25001,0.130433498578,0.011761826445,0.857804674977
id06175,0.030001341981,0.860625040866,0.109373617153
id24720,0.411447965322,0.424880426062,0.163671608616
id08070,0.576159237284,0.411657409734,0.012183352982
id18934,0.650745956397,0.213447852523,0.135806191081
id01338,0.841975129405,0.012877780369,0.145147090226
id19008,0.056565948021,0.817241641435,0.126192410544
id19632,0.044524371911,0.601815596273,0.353660031817
id26224,0.008282197037,0.007878488603,0.983839314360
id08219,0.856255868683,0.004070180572,0.139673950745
id24008,0.003893348773,0.000553561853,0.995553089374
id12475,0.092043845944,0.829025809970,0.078930344086
id05766,0.097916790624,0.276126424721,0.625956784655
id27386,0.077735120070,0.815650106220,0.106614773710
id12476,0.000926938850,0.998248346999,0.000824714152
id08311,0.931726639812,0.033962478172,0.034310882015
id04996,0.974771474431,0.015515284877,0.009713240692
id17350,0.005643145336,0.991241960028,0.003114894635
id05546,0.033183908132,0.957833479105,0.008982612763
id16504,0.026140502165,0.955276114162,0.018583383672
id05782,0.000490432566,0.000364744371,0.999144823062
id20560,0.493001815819,0.443684441979,0.063313742202
id14171,0.047335066834,0.254975003314,0.697689929852
id27461,0.127745449651,0.124289030755,0.747965519594
id03581,0.129722562619,0.116844738950,0.753432698431
id21847,0.083716576442,0.034249936454,0.882033487104
id11712,0.809136369619,0.049138703610,0.141724926771
id26738,0.077237217240,0.028030949471,0.894731833288
id13668,0.927958204546,0.046001838530,0.026039956924
id15114,0.971954338585,0.002786389915,0.025259271500
id20130,0.887931577412,0.019953387774,0.092115034814
id18331,0.587883978867,0.090292845995,0.321823175139
id24465,0.962819066507,0.034868460338,0.002312473155
id13539,0.356647522902,0.496134299438,0.147218177660
id27564,0.381697995702,0.567804046569,0.050497957729
id26043,0.337127856764,0.013031488091,0.649840655146
id04965,0.000086587352,0.000062881246,0.999850531403
id08645,0.045077048217,0.124212068058,0.830710883725
id26610,0.774017943965,0.070531917941,0.155450138094
id21737,0.521197059593,0.197393726318,0.281409214090
id25784,0.003589572176,0.964257647098,0.032152780727
id23030,0.955053455781,0.032029256992,0.012917287226
id16450,0.013568446417,0.892047712881,0.094383840702
id02161,0.660526138802,0.013065371765,0.326408489433
id25535,0.789768010716,0.049403582078,0.160828407206
id16566,0.883232819264,0.015486973752,0.101280206984
id05714,0.797944318501,0.192184179336,0.009871502163
id16524,0.832295476922,0.081209123276,0.086495399802
id23941,0.020134820248,0.877274193219,0.102590986533
id00831,0.134153242638,0.069835330645,0.796011426717
id18145,0.588171978700,0.120552261009,0.291275760290
id17227,0.974118352437,0.001952001679,0.023929645884
id09417,0.629281487967,0.016676563731,0.354041948302
id21307,0.632150736964,0.169869025574,0.197980237461
id05650,0.176269818101,0.775841475841,0.047888706057
id23901,0.768427044383,0.224609789382,0.006963166235
id05831,0.901336427718,0.055859380257,0.042804192026
id16708,0.007502913235,0.973106676490,0.019390410275
id02281,0.192601331310,0.091525335420,0.715873333270
id11599,0.264808959440,0.056172032793,0.679019007766
id18353,0.380509193194,0.337429529112,0.282061277694
id07413,0.576152465005,0.392505654001,0.031341880993
id15653,0.005345952657,0.987246576629,0.007407470714
id09715,0.003610246649,0.000704162407,0.995685590944
id05108,0.112435290910,0.877155050844,0.010409658246
id09537,0.770950853618,0.028334805609,0.200714340773
id27596,0.948756798602,0.044785261972,0.006457939426
id24255,0.019542785265,0.033392219487,0.947064995248
id05080,0.004416770279,0.005518181924,0.990065047798
id09484,0.982106392285,0.011953736205,0.005939871511
id14864,0.080791088369,0.002943221695,0.916265689935
id26836,0.880537593589,0.095370579384,0.024091827026
id07003,0.697943137839,0.294326797990,0.007730064171
id13750,0.000637525231,0.999069833919,0.000292640851
id21799,0.096981770420,0.417895064655,0.485123164925
id11285,0.999781535292,0.000160479056,0.000057985652
id04735,0.910534662748,0.063441319251,0.026024018002
id23049,0.008895436481,0.043125122697,0.947979440821
id05826,0.469038274876,0.506192876957,0.024768848167
id17916,0.165564242678,0.706296520766,0.128139236557
id14081,0.255461700623,0.005480565607,0.739057733769
id10527,0.201956308842,0.003406060543,0.794637630615
id16059,0.076116897840,0.914290557836,0.009592544324
id25542,0.976018165906,0.023248035957,0.000733798138
id05402,0.001114833435,0.003153439546,0.995731727019
id01927,0.844305655840,0.119927485637,0.035766858523
id27656,0.757490120504,0.135365414593,0.107144464903
id06708,0.217382156814,0.623179629105,0.159438214080
id03524,0.762906078502,0.183760248886,0.053333672612
id12297,0.129167426239,0.529246885465,0.341585688296
id03439,0.403339916726,0.136437625695,0.460222457579
id04587,0.001129851081,0.997958697775,0.000911451144
id25470,0.005566839847,0.989635040906,0.004798119248
id01212,0.244484454665,0.682263201713,0.073252343621
id13932,0.611627889158,0.165784217258,0.222587893584
id00124,0.284753204821,0.066735980932,0.648510814247
