id,EAP,HPL,MWS
id02310,0.000131492735,0.001003240286,0.998865266978
id24541,0.999732127844,0.000138921695,0.000128950461
id00134,0.000075375790,0.999847914996,0.000076709214
id27757,0.999563896173,0.000257459242,0.000178644586
id04081,0.068587714774,0.914130123962,0.017282161264
id27337,0.996784822370,0.000140704496,0.003074473134
id24265,0.999361063641,0.000382274450,0.000256661909
id25917,0.000309789847,0.001063371990,0.998626838164
id04951,0.999770908645,0.000081000667,0.000148090688
id14549,0.999408912814,0.000403735547,0.000187351639
id22505,0.000556639702,0.386286454233,0.613156906064
id24002,0.000078631434,0.999862067309,0.000059301257
id18982,0.029679550065,0.474516837641,0.495803612294
id15181,0.001557276631,0.998251794802,0.000190928567
id21888,0.996421945354,0.002592475573,0.000985579073
id12035,0.000124663177,0.000115308556,0.999760028267
id17991,0.899020720863,0.014656073791,0.086323205347
id10707,0.999579934299,0.000097583104,0.000322482597
id07101,0.000431739128,0.081665579710,0.917902681161
id00345,0.000702761216,0.999232826676,0.000064412108
id05912,0.714513687915,0.013911721430,0.271574590654
id13443,0.973770727672,0.000351940320,0.025877332008
id09248,0.063775940749,0.001372126079,0.934851933172
id17542,0.027358748848,0.971985267248,0.000655983904
id06995,0.000338803299,0.000054642698,0.999606554003
id25159,0.999255864779,0.000344163928,0.000399971293
id25729,0.033483314679,0.964866372753,0.001650312568
id26949,0.843185860205,0.154588557135,0.002225582659
id27191,0.000684221339,0.000073619563,0.999242159098
id07668,0.000710596997,0.000062158325,0.999227244678
id02230,0.027372101285,0.523391236762,0.449236661953
id15553,0.999742611124,0.000055799271,0.000201589605
id25688,0.000094407586,0.999839270620,0.000066321794
id17545,0.999310383624,0.000570544652,0.000119071724
id13929,0.006403865178,0.011757266749,0.981838868073
id12880,0.000238767868,0.999681870510,0.000079361622
id19282,0.999368723227,0.000262953892,0.000368322881
id14690,0.000265745970,0.000086982973,0.999647271057
id17975,0.001226936055,0.998474191043,0.000298872902
id08037,0.998475425274,0.000299900357,0.001224674369
id15412,0.034839816715,0.000111295104,0.965048888181
id25032,0.018009139397,0.000811767036,0.981179093566
id27165,0.999689705622,0.000104716658,0.000205577720
id03327,0.986465566922,0.001276812659,0.012257620419
id18515,0.995362053152,0.000188515945,0.004449430904
id21003,0.000221401366,0.000126260601,0.999652338033
id23855,0.000466194531,0.999430361028,0.000103444440
id20724,0.788258813946,0.002543849022,0.209197337032
id13303,0.781591653499,0.000420884139,0.217987462362
id16521,0.000578722406,0.991903413312,0.007517864283
id20775,0.999767767343,0.000109637188,0.000122595470
id13029,0.997277338949,0.001817466426,0.000905194625
id14660,0.954318944072,0.040622154432,0.005058901496
id11028,0.000242542316,0.000053649444,0.999703808240
id14180,0.999072531469,0.000166423649,0.000761044882
id25860,0.999727378914,0.000081664910,0.000190956176
id11910,0.014062096821,0.002682453825,0.983255449354
id08065,0.115177928094,0.000255146617,0.884566925289
id22674,0.000167329134,0.000137238189,0.999695432677
id25018,0.002506604503,0.000170937454,0.997322458043
id10892,0.000089196173,0.999816399814,0.000094404013
id10217,0.000406678676,0.999511983981,0.000081337343
id12996,0.810776229499,0.001900921918,0.187322848583
id18262,0.998975935851,0.000615218222,0.000408845927
id08606,0.000090105447,0.999842407100,0.000067487453
id17233,0.782723663831,0.119213207340,0.098063128829
id00101,0.307189101439,0.691171085212,0.001639813349
id12225,0.994858991524,0.000384798199,0.004756210277
id01364,0.000070194646,0.999841177562,0.000088627792
id24973,0.987546446040,0.000168216727,0.012285337233
id25363,0.952965115771,0.000096485649,0.046938398580
id10061,0.000430973614,0.000082934127,0.999486092260
id17673,0.000346010492,0.998837947407,0.000816042101
id13249,0.826354236578,0.000272833596,0.173372929826
id10107,0.000114341161,0.000077584923,0.999808073916
id04403,0.999734761634,0.000059234899,0.000206003467
id25728,0.984532092235,0.012426928391,0.003040979374
id16184,0.998737980346,0.001043261821,0.000218757833
id03438,0.002650387175,0.000047959325,0.997301653500
id22923,0.000111437252,0.999822104328,0.000066458420
id08610,0.999493239445,0.000295256963,0.000211503592
id25355,0.006829413542,0.015609868111,0.977560718347
id16916,0.999715342056,0.000093955769,0.000190702175
id12793,0.355276745647,0.641224645546,0.003498608807
id11859,0.269172800146,0.000603205404,0.730223994450
id02434,0.999294644475,0.000562304231,0.000143051295
id27703,0.000395824537,0.000089532725,0.999514642738
id25212,0.000082498109,0.999832581181,0.000084920710
id11308,0.000433772634,0.000236483107,0.999329744259
id26094,0.999332060605,0.000214679828,0.000453259567
id22080,0.997806392968,0.000707463431,0.001486143601
id03545,0.999461385593,0.000417823475,0.000120790931
id23725,0.000592128294,0.000270684890,0.999137186817
id12009,0.803719323182,0.190916615336,0.005364061482
id24241,0.151619996033,0.000895726873,0.847484277094
id03596,0.000080420892,0.999819745445,0.000099833663
id10749,0.000259872412,0.999651068043,0.000089059545
id22794,0.034153875721,0.001985719364,0.963860404915
id15482,0.000506060724,0.997231622203,0.002262317073
id04833,0.770937211080,0.226919721370,0.002143067550
id00397,0.000182341021,0.000062301723,0.999755357255
id14691,0.000125882752,0.000178923252,0.999695193996
id05193,0.002587281027,0.000980546216,0.996432172757
id19541,0.984890211817,0.001313933003,0.013795855180
id22166,0.000358193495,0.000048845407,0.999592961098
id20744,0.000173897471,0.000093714613,0.999732387916
id10392,0.000152830001,0.000052237065,0.999794932934
id00770,0.999649720533,0.000071393597,0.000278885870
id06018,0.999606222202,0.000081821832,0.000311955965
id15678,0.004152773186,0.000062197501,0.995785029313
id08305,0.999452590404,0.000198198692,0.000349210904
id08903,0.000146032969,0.000196471021,0.999657496010
id14752,0.000189658344,0.999650163213,0.000160178443
id12468,0.000164148550,0.999761211995,0.000074639455
id05085,0.000185942162,0.999756750617,0.000057307221
id21993,0.000710156856,0.000187241703,0.999102601441
id15503,0.999714373767,0.000192562155,0.000093064078
id03021,0.000093904013,0.999840218164,0.000065877823
id16123,0.997477135935,0.002399329408,0.000123534657
id19383,0.989113864098,0.010458718924,0.000427416978
id04186,0.999664404989,0.000128260391,0.000207334621
id17954,0.000171810902,0.000044369737,0.999783819361
id12030,0.308441406345,0.016913597474,0.674644996181
id13020,0.896315235259,0.102522421728,0.001162343013
id25327,0.001955437220,0.670800867569,0.327243695212
id16344,0.000549729776,0.001225708490,0.998224561734
id12303,0.000161802001,0.999763001095,0.000075196904
id15017,0.999163410286,0.000768066270,0.000068523444
id22308,0.000473990312,0.000062131097,0.999463878590
id06536,0.000211747422,0.000156312337,0.999631940241
id19797,0.257941073602,0.741395299327,0.000663627071
id06332,0.999652036541,0.000064968873,0.000282994586
id22941,0.013281739082,0.002319000246,0.984399260672
id13547,0.004100004926,0.000329962495,0.995570032579
id06928,0.000151149369,0.000068198963,0.999780651668
id12521,0.732242313862,0.262894078365,0.004863607773
id25716,0.070698252038,0.000226521509,0.929075226453
id27116,0.000171191967,0.000067993469,0.999760814564
id19941,0.000207428434,0.999654169314,0.000138402253
id05711,0.000125312801,0.000119648829,0.999755038370
id02097,0.000116488200,0.000118471668,0.999765040131
id03563,0.000093222214,0.999838545004,0.000068232782
id02295,0.407252572080,0.586450979154,0.006296448766
id08179,0.999764131648,0.000077828194,0.000158040158
id05332,0.000095972058,0.999706027658,0.000198000284
id15697,0.994173687705,0.000143167905,0.005683144390
id17026,0.002391560691,0.000234283256,0.997374156054
id04243,0.771970574378,0.227650294926,0.000379130697
id13175,0.999739046071,0.000147408784,0.000113545145
id05387,0.999383766029,0.000359024987,0.000257208984
id19989,0.999550002199,0.000120951455,0.000329046346
id25173,0.000665285401,0.000093118517,0.999241596082
id08925,0.000749410674,0.999171492557,0.000079096769
id03034,0.000113378257,0.999758458280,0.000128163463
id13272,0.000066859535,0.999876230630,0.000056909835
id07956,0.011531856275,0.000106176374,0.988361967350
id02648,0.000372955995,0.000081887101,0.999545156904
id01778,0.000250850807,0.000062582160,0.999686567033
id12846,0.000194580661,0.000173433836,0.999631985503
id19001,0.649905127341,0.000310888523,0.349783984136
id05763,0.347989392089,0.107775773218,0.544234834693
id15590,0.002966889396,0.000117658378,0.996915452225
id04912,0.821640250217,0.001553306160,0.176806443623
id21201,0.739610023927,0.000823548775,0.259566427298
id13215,0.995096641976,0.000216991816,0.004686366208
id15612,0.002334181034,0.996157520889,0.001508298078
id18501,0.036200587185,0.000170062216,0.963629350599
id07223,0.772840278748,0.221841211449,0.005318509803
id06707,0.003800791733,0.007896288815,0.988302919452
id05238,0.000065860337,0.999882028151,0.000052111512
id00935,0.000403144876,0.000055126360,0.999541728764
id00110,0.999215052924,0.000118239224,0.000666707852
id17476,0.375749834938,0.623035228847,0.001214936215
id15170,0.998154114292,0.000369040924,0.001476844784
id13397,0.028830116197,0.940613038235,0.030556845568
id24283,0.989240650036,0.000231691135,0.010527658828
id15234,0.999017516034,0.000821944059,0.000160539907
id16884,0.000711413800,0.989307198548,0.009981387651
id07831,0.294880066057,0.699346544798,0.005773389145
id16038,0.997806052674,0.001450325041,0.000743622285
id03629,0.999113367610,0.000365398218,0.000521234171
id21019,0.998714224074,0.000078533300,0.001207242626
id21835,0.212591026542,0.069353856389,0.718055117068
id04480,0.000181126997,0.999761905942,0.000056967061
id20838,0.601970704080,0.396576062023,0.001453233897
id24195,0.768477100853,0.004082220969,0.227440678178
id05448,0.816570068003,0.183195982250,0.000233949747
id15957,0.000111314508,0.999812868230,0.000075817261
id19956,0.000627435160,0.000062178535,0.999310386305
id15104,0.028425213359,0.193130056232,0.778444730409
id17559,0.998821476091,0.000922549299,0.000255974610
id16839,0.003272896068,0.988262690090,0.008464413842
id14493,0.686451454889,0.000290087690,0.313258457421
id08833,0.052707152143,0.000166320772,0.947126527085
id15723,0.001036093660,0.000794733821,0.998169172519
id02716,0.997417931600,0.000153699582,0.002428368818
id06689,0.000126840442,0.999762025602,0.000111133956
id18837,0.001061249170,0.000057004697,0.998881746134
id04466,0.999513376476,0.000146834860,0.000339788664
id00686,0.999756510411,0.000063677749,0.000179811840
id09010,0.000622254625,0.999273616040,0.000104129335
id23353,0.999286296703,0.000120889432,0.000592813865
id00066,0.255266136614,0.743671362075,0.001062501311
id15724,0.000188048633,0.999529588901,0.000282362466
id23486,0.000181056109,0.000073504570,0.999745439321
id22258,0.000441428566,0.000120569229,0.999438002205
id02292,0.996203761952,0.002303886809,0.001492351238
id16356,0.000530972175,0.000177604045,0.999291423779
id00235,0.999781595751,0.000107690525,0.000110713724
id25522,0.186355609574,0.000119832803,0.813524557624
id04204,0.000166134369,0.999678965087,0.000154900545
id22016,0.309175771468,0.005122872826,0.685701355706
id06480,0.002734873382,0.996959822911,0.000305303707
id08718,0.000236288557,0.000056257295,0.999707454148
id05251,0.000072557031,0.999822815085,0.000104627884
id03359,0.998366321198,0.001298159703,0.000335519098
id16117,0.000186925658,0.000173090486,0.999639983857
id17000,0.000089099028,0.999773274114,0.000137626858
id01730,0.000112442866,0.999788302358,0.000099254775
id00630,0.999665013906,0.000154821740,0.000180164355
id18175,0.037635302864,0.000722691258,0.961642005878
id00907,0.783835424153,0.208663630712,0.007500945135
id18251,0.000077019697,0.999844044643,0.000078935660
id25861,0.993324759733,0.001752445944,0.004922794323
id00398,0.975342548859,0.000386994973,0.024270456169
id27573,0.999212585615,0.000068114442,0.000719299943
id10022,0.000842650491,0.426556815027,0.572600534482
id15901,0.000539154328,0.000043941276,0.999416904397
id00451,0.001956622141,0.002412215595,0.995631162264
id23129,0.000817816990,0.998695720465,0.000486462545
id26498,0.001261175667,0.988555885485,0.010182938847
id14741,0.000121137530,0.999804813701,0.000074048769
id18453,0.002074603351,0.000493656126,0.997431740522
id08309,0.893972056366,0.093546310399,0.012481633235
id00320,0.999277839513,0.000184010790,0.000538149697
id07688,0.013203122125,0.000220596514,0.986576281361
id01556,0.000444893019,0.000079547035,0.999475559946
id00178,0.001209290970,0.000123438462,0.998667270568
id18902,0.000124723164,0.000112408079,0.999762868756
id27002,0.979854012528,0.018759077196,0.001386910276
id21418,0.999670829286,0.000158952367,0.000170218346
id23018,0.968244217437,0.001608561293,0.030147221270
id07032,0.580401502185,0.000882336810,0.418716161005
id16195,0.815973382169,0.004288304406,0.179738313425
id11202,0.000280173428,0.999643852019,0.000075974553
id09578,0.992004084807,0.000263133667,0.007732781526
id26984,0.976498373957,0.006044175104,0.017457450940
id19856,0.001678207429,0.996591645543,0.001730147028
id12086,0.530382110937,0.000474320296,0.469143568768
id12052,0.000208701050,0.000814215106,0.998977083845
id17728,0.000109845156,0.000070529352,0.999819625493
id24608,0.997972539796,0.000212659159,0.001814801045
id21097,0.037000564450,0.003356277439,0.959643158111
id20179,0.000092421022,0.000092371137,0.999815207841
id15144,0.021786599115,0.977082772549,0.001130628336
id00206,0.999561096074,0.000086129814,0.000352774113
id22285,0.000171138001,0.000061873478,0.999766988521
id06417,0.000198116534,0.999720888738,0.000080994728
id00215,0.000076383874,0.999841631499,0.000081984627
id04201,0.979246396615,0.002786441504,0.017967161881
id21771,0.999550266824,0.000191664173,0.000258069003
id12451,0.005032124217,0.836176112653,0.158791763129
id14250,0.000195232865,0.998869871661,0.000934895474
id03433,0.000205120187,0.999740961903,0.000053917910
id03303,0.000390602003,0.000087508837,0.999521889160
id25901,0.093477410821,0.485359147500,0.421163441679
id06945,0.646245094391,0.000203116101,0.353551789507
id05664,0.996124088364,0.001585215720,0.002290695917
id05741,0.999790169686,0.000093272644,0.000116557670
id10652,0.994705950317,0.000181503739,0.005112545944
id16300,0.999571466880,0.000055341386,0.000373191734
id12319,0.982020601569,0.015971426439,0.002007971992
id07500,0.000120788042,0.999793238556,0.000085973402
id12478,0.157948497713,0.058463723981,0.783587778306
id03076,0.007107243646,0.000215520998,0.992677235355
id00969,0.017565392924,0.974670499372,0.007764107704
id23636,0.000161915491,0.999672806961,0.000165277547
id09791,0.000163131576,0.003930085627,0.995906782797
id05680,0.000081702889,0.999832420658,0.000085876453
id03672,0.000231680929,0.999661878389,0.000106440682
id04286,0.000122481977,0.999777306505,0.000100211518
id23883,0.000120278276,0.000064527532,0.999815194192
id11914,0.001329997826,0.000107275411,0.998562726762
id20974,0.000077090088,0.999804450065,0.000118459847
id26125,0.605233400477,0.000585822260,0.394180777263
id15543,0.791497908774,0.000380028318,0.208122062908
id19471,0.999785705093,0.000116855619,0.000097439288
id11503,0.768539841054,0.229518619376,0.001941539570
id09321,0.000105498296,0.999771516907,0.000122984797
id25560,0.000150658924,0.000062755143,0.999786585933
id06726,0.902477286257,0.093705377168,0.003817336575
id05709,0.999561448407,0.000054091320,0.000384460273
id09788,0.006011404474,0.288781825772,0.705206769753
id05289,0.999731044405,0.000095019157,0.000173936438
id11815,0.000102637808,0.999809179119,0.000088183073
id22422,0.998139677341,0.000098277111,0.001762045549
id25954,0.999553861691,0.000181940857,0.000264197452
id13601,0.924545563869,0.070471582452,0.004982853678
id05677,0.032922534961,0.002024451593,0.965053013446
id10498,0.000121748199,0.999734560371,0.000143691430
id02665,0.902857582247,0.096022581037,0.001119836716
id10114,0.000203208996,0.999715348583,0.000081442421
id26314,0.999722278098,0.000108683455,0.000169038447
id21240,0.135326982518,0.001863917962,0.862809099520
id15569,0.998561317664,0.000414155312,0.001024527024
id25928,0.473179525060,0.002885940195,0.523934534746
id22706,0.000525241251,0.999373978599,0.000100780151
id20877,0.000093741738,0.999158063619,0.000748194643
id04318,0.999277766685,0.000099557917,0.000622675398
id18299,0.031528418978,0.960049077240,0.008422503782
id08126,0.001685675297,0.140077707563,0.858236617140
id14293,0.001181654867,0.000045695504,0.998772649629
id12759,0.999791955183,0.000116167699,0.000091877118
id11983,0.611375856529,0.000646151044,0.387977992427
id05580,0.992784435227,0.001021548793,0.006194015980
id25846,0.000217755758,0.999677337139,0.000104907103
id01939,0.688225256146,0.032090752282,0.279683991571
id26327,0.083122757789,0.306423000037,0.610454242175
id11068,0.000330499798,0.000055452781,0.999614047421
id08404,0.993160079131,0.000918460757,0.005921460111
id27189,0.000566858640,0.998624619196,0.000808522164
id15119,0.000210342459,0.999551056573,0.000238600968
id26525,0.999618445949,0.000157222642,0.000224331409
id03618,0.412176436322,0.584963352967,0.002860210711
id27220,0.999709021878,0.000140013305,0.000150964818
id18777,0.003505263538,0.000115317410,0.996379419053
id20213,0.720793991543,0.000309772945,0.278896235513
id20403,0.999806069725,0.000072044481,0.000121885794
id03777,0.000130415301,0.000466379718,0.999403204981
id10595,0.002749312444,0.997075962288,0.000174725268
id13816,0.003403012639,0.000336780032,0.996260207329
id05667,0.000219551831,0.000121770032,0.999658678137
id24629,0.902699295659,0.000407597244,0.096893107098
id20398,0.013573358016,0.068789900702,0.917636741282
id14108,0.000302968914,0.000057376673,0.999639654413
id06196,0.000064923722,0.999868591410,0.000066484868
id02800,0.999753521856,0.000086197120,0.000160281024
id18732,0.000102476545,0.999807733100,0.000089790355
id11915,0.000131144052,0.999780955040,0.000087900908
id09739,0.999239822447,0.000059714555,0.000700462999
id24672,0.998878528082,0.000307597701,0.000813874217
id00414,0.000248360895,0.000059996887,0.999691642219
id16307,0.999431486381,0.000450774504,0.000117739115
id14043,0.003945797107,0.000110205169,0.995943997724
id00517,0.000128780294,0.000063407917,0.999807811789
id09744,0.988902031197,0.010987404792,0.000110564011
id19257,0.999096690920,0.000788729327,0.000114579753
id15437,0.010690458955,0.988918358296,0.000391182749
id16352,0.010839670378,0.010862163238,0.978298166383
id18849,0.004986451389,0.000199889393,0.994813659218
id19434,0.000079386998,0.999846941926,0.000073671076
id17928,0.000698797821,0.001788016152,0.997513186026
id16896,0.001345144912,0.000168414635,0.998486440453
id02135,0.004758529471,0.984431832474,0.010809638055
id15075,0.999823287186,0.000104623963,0.000072088851
id27486,0.000077315083,0.999850390079,0.000072294838
id19422,0.407803069664,0.591924645551,0.000272284785
id09603,0.001472637681,0.998117604613,0.000409757706
id02133,0.000108980776,0.999813162497,0.000077856727
id03441,0.710448685390,0.000394286545,0.289157028065
id02398,0.000146471707,0.999794276854,0.000059251439
id05152,0.048329407483,0.000730912924,0.950939679593
id17838,0.931271174218,0.000167418001,0.068561407781
id25060,0.999142069655,0.000714916348,0.000143013997
id09998,0.000338016914,0.000580139693,0.999081843393
id01828,0.007499547722,0.976534043935,0.015966408343
id25377,0.980384049386,0.000786537483,0.018829413131
id22175,0.000476449381,0.999409453212,0.000114097407
id02974,0.000116587457,0.000171921227,0.999711491316
id26955,0.999805163095,0.000099293566,0.000095543338
id21091,0.987960349484,0.000785293077,0.011254357439
id12802,0.997876020501,0.001988137357,0.000135842142
id07432,0.000063360901,0.999855494380,0.000081144719
id18749,0.085276304783,0.913244056077,0.001479639139
id15030,0.000158998746,0.000186658367,0.999654342887
id17155,0.000111869070,0.999812160123,0.000075970807
id08128,0.000083469950,0.999825919056,0.000090610994
id25706,0.000072819087,0.999821774943,0.000105405970
id15645,0.999748935174,0.000122311493,0.000128753334
id04943,0.001064354896,0.998701074894,0.000234570210
id27566,0.000109578302,0.000109897771,0.999780523928
id11765,0.000100094483,0.000424929513,0.999474976004
id13783,0.899367164579,0.036723393626,0.063909441795
id00492,0.000214287620,0.000195531137,0.999590181243
id27636,0.004393734395,0.000063603009,0.995542662596
id04273,0.931549291698,0.052043886619,0.016406821684
id02537,0.004763752951,0.003417569788,0.991818677261
id24349,0.995679349226,0.000219786992,0.004100863782
id00023,0.000077242765,0.999831149362,0.000091607874
id23025,0.030486636023,0.969420412683,0.000092951294
id08722,0.999350118766,0.000169588464,0.000480292770
id02420,0.999758948229,0.000157568677,0.000083483094
id10811,0.590774478438,0.000716717745,0.408508803817
id04019,0.000211397523,0.000140186643,0.999648415834
id18334,0.998633298023,0.000308192141,0.001058509836
id16781,0.994446364579,0.004540381369,0.001013254052
id08773,0.639474347079,0.191611656258,0.168913996663
id19214,0.759735947308,0.004193308380,0.236070744311
id09589,0.000077986337,0.999836108382,0.000085905281
id24246,0.996784588786,0.000237434765,0.002977976448
id23577,0.689721447540,0.309931344037,0.000347208423
id09305,0.987369124739,0.000406556764,0.012224318497
id16460,0.401112481216,0.052795778844,0.546091739940
id21115,0.998754244321,0.000133574492,0.001112181187
id25996,0.852630238231,0.021348415427,0.126021346342
id02551,0.000123644180,0.000089335246,0.999787020574
id19352,0.000223619839,0.000079959099,0.999696421062
id03806,0.076750410893,0.000387816531,0.922861772576
id26544,0.366255014084,0.000439565544,0.633305420372
id18761,0.999185971915,0.000072965230,0.000741062856
id24148,0.000630591439,0.999319324809,0.000050083751
id16095,0.000132517267,0.999791591271,0.000075891462
id18442,0.578615239216,0.308340470465,0.113044290319
id22596,0.000103671725,0.000083271691,0.999813056584
id23002,0.002914514200,0.009670821682,0.987414664117
id04797,0.999559586219,0.000174653452,0.000265760329
id06610,0.075376839181,0.002380485934,0.922242674885
id16173,0.802339074415,0.098391923336,0.099269002248
id18292,0.002318893788,0.000619544179,0.997061562033
id27328,0.999007639326,0.000770090727,0.000222269947
id01695,0.000081584983,0.999830499271,0.000087915745
id05761,0.783582141072,0.000747107521,0.215670751407
id16354,0.999513243592,0.000075773735,0.000410982673
id12207,0.000198879840,0.999119867852,0.000681252309
id05665,0.000160009497,0.000066577119,0.999773413384
id01911,0.998954148334,0.000281659250,0.000764192416
id19153,0.000198935093,0.000051493176,0.999749571731
id10295,0.994935134650,0.002418115368,0.002646749982
id23038,0.998762502583,0.000604665261,0.000632832157
id23783,0.000083914529,0.999853869286,0.000062216184
id27879,0.999478503245,0.000319550355,0.000201946400
id19190,0.000372194731,0.999559640488,0.000068164781
id05065,0.998421963916,0.000342786578,0.001235249506
id21296,0.226543426937,0.772484605219,0.000971967844
id13262,0.016436690202,0.000775919756,0.982787390042
id10333,0.998180985114,0.000336080057,0.001482934829
id16677,0.000740849211,0.995373028573,0.003886122216
id01392,0.039516052827,0.075603466916,0.884880480257
id27874,0.995587105738,0.003204638170,0.001208256092
id02294,0.100931138199,0.876304016095,0.022764845705
id18298,0.000116440412,0.000236198046,0.999647361543
id06997,0.999758586462,0.000066941103,0.000174472434
id05243,0.041063743434,0.945175306520,0.013760950046
id00860,0.010011700335,0.825441885083,0.164546414582
id26681,0.999808278516,0.000088700285,0.000103021198
id06020,0.000173007112,0.000046881840,0.999780111048
id27683,0.842288865331,0.002621812252,0.155089322417
id17655,0.000236103157,0.999663910278,0.000099986564
id08817,0.000450662340,0.000252767390,0.999296570270
id11512,0.000177190949,0.000990417690,0.998832391360
id00478,0.086685772979,0.008430867031,0.904883359989
id02116,0.999144264449,0.000104585383,0.000751150168
id06746,0.998248563803,0.000903090335,0.000848345862
id03863,0.985719485245,0.007928279146,0.006352235609
id01802,0.001485458842,0.997564252513,0.000950288645
id11682,0.965541628135,0.006743624644,0.027714747221
id04033,0.000278247009,0.999654631708,0.000067121283
id09286,0.000161261187,0.996802360911,0.003036377902
id12904,0.999834984417,0.000069677532,0.000095338051
id07420,0.000071332410,0.000220291599,0.999708375991
id22398,0.000087319155,0.999823914668,0.000088766177
id00424,0.000474890270,0.000086711253,0.999438398477
id20960,0.981878880210,0.012376528046,0.005744591744
id10267,0.000145184749,0.999758027617,0.000096787635
id19330,0.164846185993,0.000356581776,0.834797232230
id00994,0.000254397199,0.999696743028,0.000048859773
id10785,0.160175759469,0.838455311438,0.001368929093
id00955,0.000353235062,0.999506214285,0.000140550652
id09757,0.000064156364,0.999862665525,0.000073178111
id10030,0.005498770559,0.000131268835,0.994369960606
id22952,0.000184071587,0.000078943103,0.999736985311
id21955,0.000087555702,0.000095253236,0.999817191062
id07674,0.444049881985,0.550752764957,0.005197353059
id13760,0.000182250355,0.999737851124,0.000079898521
id18166,0.998841817302,0.000081687925,0.001076494773
id23498,0.997991574614,0.000896999610,0.001111425775
id05296,0.999804385639,0.000094090844,0.000101523517
id26709,0.979867297323,0.014339609580,0.005793093097
id02853,0.999593998321,0.000265612932,0.000140388747
id06800,0.858107168729,0.000376192360,0.141516638911
id14758,0.001439009839,0.942017855556,0.056543134605
id12356,0.999675009723,0.000210295196,0.000114695081
id21492,0.869963878904,0.128897740530,0.001138380566
id27540,0.006046665234,0.000818162654,0.993135172111
id07376,0.049113664301,0.867713259255,0.083173076444
id15201,0.231331308780,0.764074416940,0.004594274281
id23388,0.000082140271,0.999842868116,0.000074991614
id13923,0.000130516845,0.999786225096,0.000083258059
id00794,0.000097480145,0.999835018213,0.000067501642
id23910,0.000161347386,0.000055128330,0.999783524284
id02556,0.001055788278,0.000255418765,0.998688792958
id22151,0.000077596354,0.999863168577,0.000059235069
id11698,0.000414543132,0.999447303030,0.000138153838
id11627,0.006734350682,0.001384717554,0.991880931764
id06340,0.997843018049,0.000589811958,0.001567169993
id05123,0.887933310851,0.003103988880,0.108962700269
id26620,0.000323291684,0.000070039732,0.999606668584
id04002,0.000280096148,0.000084978724,0.999634925127
id26554,0.393942815275,0.018116214440,0.587940970286
id18012,0.287773462580,0.000206568358,0.712019969061
id12964,0.041330340322,0.003039982435,0.955629677243
id18965,0.001311603297,0.370709140954,0.627979255749
id19082,0.064364634936,0.000914502502,0.934720862563
id26742,0.001048658244,0.000054691994,0.998896649762
id15442,0.000350352448,0.999575281393,0.000074366160
id16647,0.247493049879,0.004232126438,0.748274823683
id11544,0.001014106969,0.000281604474,0.998704288557
id20581,0.026812541649,0.004665295035,0.968522163316
id13192,0.769785342205,0.000880329903,0.229334327892
id15814,0.000667329120,0.000095181256,0.999237489624
id26279,0.000183123071,0.999757289542,0.000059587387
id00240,0.638094560244,0.358059237786,0.003846201971
id22836,0.999745397401,0.000147283806,0.000107318793
id15085,0.000090615203,0.999790712916,0.000118671882
id17495,0.929238546233,0.001150980537,0.069610473230
id26762,0.002001242584,0.000104288569,0.997894468847
id13685,0.999728948500,0.000090756550,0.000180294949
id16560,0.179875828089,0.819758403462,0.000365768449
id17184,0.000082302033,0.999859842319,0.000057855648
id21635,0.999808005321,0.000086172295,0.000105822385
id26751,0.577422642049,0.419108293022,0.003469064929
id12351,0.999773989955,0.000119556996,0.000106453049
id14872,0.299288082907,0.003749713560,0.696962203534
id18372,0.999309027683,0.000063260332,0.000627711985
id26851,0.992614143560,0.004357363657,0.003028492783
id22659,0.746198223529,0.253649738044,0.000152038427
id04102,0.000080428489,0.000118223025,0.999801348486
id02353,0.000199904856,0.999660560564,0.000139534580
id26721,0.999792664328,0.000077626809,0.000129708862
id11171,0.997749298082,0.000111980132,0.002138721785
id13562,0.996886179624,0.002335398673,0.000778421703
id26425,0.982378736062,0.000293975029,0.017327288910
id26394,0.995890822571,0.002403530188,0.001705647241
id22187,0.990287381896,0.000818518005,0.008894100099
id00422,0.999775413271,0.000107040434,0.000117546295
id22667,0.000067018751,0.999873918034,0.000059063216
id00911,0.953280409903,0.002386729738,0.044332860360
id17291,0.000309316323,0.000214106154,0.999476577522
id01915,0.001217687267,0.163618894267,0.835163418466
id01434,0.127566146563,0.019026924459,0.853406928977
id01584,0.598945218741,0.000347809504,0.400706971756
id09266,0.999590612568,0.000130738382,0.000278649050
id17494,0.000381300133,0.999503801195,0.000114898672
id24919,0.915716551804,0.068260286047,0.016023162149
id21043,0.001234117289,0.000081346002,0.998684536709
id17796,0.000107014760,0.999671212874,0.000221772366
id02166,0.993506332894,0.000088753624,0.006404913482
id17503,0.751783483377,0.000287467106,0.247929049516
id21203,0.999215848370,0.000511477672,0.000272673959
id25626,0.999759163948,0.000077265576,0.000163570476
id09836,0.999767260876,0.000093650273,0.000139088851
id24202,0.001062627883,0.002560666642,0.996376705474
id27260,0.000119397745,0.000188501600,0.999692100655
id23167,0.000104379642,0.000141933014,0.999753687344
id10393,0.000083632886,0.999806981710,0.000109385404
id01171,0.582154321966,0.417321846616,0.000523831418
id06380,0.999670808379,0.000180960064,0.000148231557
id22686,0.000398337231,0.000238326393,0.999363336376
id26250,0.000800267884,0.000194690207,0.999005041910
id09315,0.002876119647,0.995819318333,0.001304562020
id00886,0.000583548920,0.998105447695,0.001311003385
id03101,0.998048805016,0.000120338998,0.001830855986
id12367,0.442243016529,0.000820956648,0.556936026824
id10770,0.799743980046,0.197709117588,0.002546902366
id14949,0.000218340355,0.999690648110,0.000091011536
id14141,0.990385972396,0.000839670687,0.008774356917
id25417,0.291160025914,0.592079789067,0.116760185020
id26873,0.576648198491,0.411679395137,0.011672406372
id10818,0.000412686101,0.000101162972,0.999486150927
id15146,0.999147863487,0.000236796883,0.000615339630
id23328,0.999784513924,0.000086624936,0.000128861141
id16765,0.000125772944,0.999717332253,0.000156894803
id24383,0.836971135291,0.161140475649,0.001888389060
id21304,0.999822005588,0.000073531743,0.000104462669
id12551,0.000218279848,0.999728585985,0.000053134167
id23274,0.000200158303,0.000055374425,0.999744467272
id08117,0.998455119136,0.001217059727,0.000327821137
id23961,0.997904026688,0.000064723074,0.002031250238
id13865,0.000310429399,0.999600324513,0.000089246088
id22807,0.000153055572,0.000267500677,0.999579443752
id08951,0.101357351949,0.000122930572,0.898519717479
id18684,0.999652878469,0.000099031476,0.000248090055
id25179,0.996300901575,0.003169886479,0.000529211946
id27033,0.999765282084,0.000130393360,0.000104324556
id13977,0.000138800405,0.999662699594,0.000198500001
id19337,0.000155734770,0.999762131626,0.000082133604
id25764,0.000066383448,0.999874045802,0.000059570751
id16106,0.000140662827,0.000061516964,0.999797820210
id05468,0.562501671571,0.000336118413,0.437162210015
id05241,0.965328680704,0.000148157344,0.034523161952
id10215,0.421045266202,0.001252578955,0.577702154843
id23457,0.000221216242,0.000104882551,0.999673901207
id02200,0.999585464271,0.000270139037,0.000144396692
id13714,0.000093510813,0.999832723980,0.000073765206
id20332,0.000256893129,0.000058695189,0.999684411682
id18573,0.000151717779,0.004835089603,0.995013192618
id08569,0.998522387084,0.000109293043,0.001368319873
id22767,0.004536930879,0.868645849041,0.126817220080
id25390,0.000464921330,0.999191650304,0.000343428366
id09288,0.999554252237,0.000144651186,0.000301096577
id12381,0.999760561987,0.000084937091,0.000154500922
id02895,0.000162193510,0.000090721411,0.999747085079
id25270,0.001473517637,0.000034334930,0.998492147433
id14248,0.925447342879,0.048563877565,0.025988779557
id12831,0.998919808035,0.000179611843,0.000900580122
id18305,0.799020629440,0.000270170843,0.200709199716
id07805,0.608675559093,0.391106068228,0.000218372679
id14027,0.000117390848,0.000114368879,0.999768240273
id02760,0.664708348054,0.000684696130,0.334606955816
id24362,0.999785647713,0.000132219655,0.000082132632
id17065,0.000075513119,0.999838903601,0.000085583280
id26583,0.001361781499,0.998277446580,0.000360771922
id19664,0.713563457282,0.286063046098,0.000373496620
id25145,0.999505916734,0.000124512913,0.000369570353
id17858,0.000116506331,0.999815034584,0.000068459084
id05148,0.007391896201,0.568360603209,0.424247500590
id22928,0.962825722888,0.035959086288,0.001215190823
id21549,0.004502237285,0.000043301370,0.995454461345
id12649,0.000949077463,0.998401219534,0.000649703003
id21597,0.999620939629,0.000130853329,0.000248207042
id27945,0.999533629601,0.000332234053,0.000134136346
id00243,0.999804921691,0.000072478233,0.000122600075
id02745,0.999729294543,0.000088148191,0.000182557266
id23550,0.000666696322,0.000080257471,0.999253046207
id13023,0.000099027980,0.000125196493,0.999775775527
id24796,0.236772087961,0.000143839263,0.763084072776
id12284,0.000138992662,0.999740935508,0.000120071830
id02664,0.000064770070,0.999878759344,0.000056470586
id23767,0.953477162742,0.000425347142,0.046097490116
id05859,0.009791085051,0.705121266044,0.285087648905
id14350,0.000120837198,0.001748824711,0.998130338091
id01191,0.014099963775,0.908875838387,0.077024197837
id17034,0.185063179796,0.381935150071,0.433001670134
id25292,0.000823395501,0.999079821004,0.000096783496
id22121,0.999776852230,0.000068616195,0.000154531575
id20872,0.999623504688,0.000146019152,0.000230476159
id17720,0.080891888065,0.918671723433,0.000436388502
id22658,0.000161512473,0.999735785932,0.000102701595
id09567,0.996901176645,0.000179108634,0.002919714720
id16445,0.999667612361,0.000172210270,0.000160177369
id08349,0.002564806254,0.994894485534,0.002540708212
id27437,0.034606159916,0.006321982531,0.959071857553
id03812,0.999763722995,0.000160251600,0.000076025405
id22304,0.998008771444,0.000164745896,0.001826482660
id04449,0.004039498960,0.995300383238,0.000660117802
id15605,0.077970495989,0.334818490596,0.587211013415
id01768,0.999612029891,0.000111435789,0.000276534320
id20019,0.000277714303,0.999368312612,0.000353973085
id09593,0.000105989762,0.999779593769,0.000114416470
id23179,0.018499150585,0.248099444875,0.733401404540
id21279,0.999728624497,0.000107181540,0.000164193963
id06711,0.000181120920,0.000063323931,0.999755555149
id14243,0.000077537084,0.999860125407,0.000062337509
id04839,0.000134700502,0.000074567072,0.999790732426
id17220,0.000263743953,0.999479279735,0.000256976312
id24177,0.999301697058,0.000110131182,0.000588171760
id20512,0.000167973844,0.000130364793,0.999701661363
id14036,0.000068306055,0.999855157448,0.000076536497
id25001,0.003578635829,0.000049806694,0.996371557477
id06175,0.000090466751,0.999619622131,0.000289911118
id24720,0.011527508904,0.988107446077,0.000365045019
id08070,0.998832897760,0.001025376324,0.000141725916
id18934,0.982867661862,0.016624791280,0.000507546858
id01338,0.999824147761,0.000070930208,0.000104922030
id19008,0.000111488403,0.999802766776,0.000085744820
id19632,0.000308348492,0.999350975158,0.000340676350
id26224,0.000099831941,0.000128063021,0.999772105038
id08219,0.998720059162,0.000158319709,0.001121621130
id24008,0.000138227703,0.000067694011,0.999794078285
id12475,0.480067146594,0.512901937160,0.007030916246
id05766,0.361041008093,0.186809265326,0.452149726582
id27386,0.000122160638,0.999802604808,0.000075234554
id12476,0.000065491548,0.999856570700,0.000077937752
id08311,0.999345001756,0.000367537635,0.000287460609
id04996,0.986015370423,0.013049427293,0.000935202284
id17350,0.000451248867,0.997901445981,0.001647305152
id05546,0.000650300018,0.999262374509,0.000087325473
id16504,0.001487455341,0.998403800238,0.000108744421
id05782,0.000121253557,0.000065443232,0.999813303212
id20560,0.283745813649,0.000643077023,0.715611109328
id14171,0.000870053731,0.000337031142,0.998792915127
id27461,0.003731403853,0.000101313388,0.996167282759
id03581,0.001238798913,0.000899788289,0.997861412798
id21847,0.000308297034,0.000043535243,0.999648167723
id11712,0.975974063515,0.021679947475,0.002345989010
id26738,0.000798217095,0.084258314122,0.914943468783
id13668,0.999783631989,0.000091667763,0.000124700248
id15114,0.999723235368,0.000067247861,0.000209516771
id20130,0.951381155306,0.011819472230,0.036799372464
id18331,0.998490455007,0.000118272760,0.001391272234
id24465,0.999712012710,0.000207328161,0.000080659129
id13539,0.990075736782,0.000462550975,0.009461712243
id27564,0.003483451586,0.994676504400,0.001840044014
id26043,0.000103934186,0.000082052766,0.999814013048
id04965,0.000175078933,0.000081421525,0.999743499542
id08645,0.000577104365,0.001988111381,0.997434784254
id26610,0.907066499314,0.001657328517,0.091276172170
id21737,0.173656293499,0.812835437627,0.013508268874
id25784,0.000083514583,0.999842339324,0.000074146093
id23030,0.999729451424,0.000178252362,0.000092296214
id16450,0.000074868812,0.999844604147,0.000080527041
id02161,0.132083690248,0.001084503149,0.866831806603
id25535,0.994040794132,0.000103212862,0.005855993006
id16566,0.997435042578,0.000179200803,0.002385756619
id05714,0.787972286003,0.211251428728,0.000776285269
id16524,0.150188010894,0.688869899263,0.160942089843
id23941,0.000391262417,0.987625449851,0.011983287732
id00831,0.000092190573,0.000162312493,0.999745496934
id18145,0.406394899803,0.011009568592,0.582595531605
id17227,0.999797701957,0.000081812497,0.000120485545
id09417,0.997729720396,0.000500465403,0.001769814200
id21307,0.999158252847,0.000355970595,0.000485776558
id05650,0.000283535539,0.999610218624,0.000106245836
id23901,0.929582561457,0.069686670968,0.000730767575
id05831,0.999806896585,0.000069194611,0.000123908804
id16708,0.000322730104,0.999456852574,0.000220417322
id02281,0.000860366301,0.000154840977,0.998984792722
id11599,0.203123414099,0.001530034007,0.795346551894
id18353,0.009658779593,0.906093250131,0.084247970277
id07413,0.000241535016,0.999675874674,0.000082590310
id15653,0.000593178149,0.997780158530,0.001626663321
id09715,0.000116376306,0.000062220702,0.999821402992
id05108,0.001233927391,0.998715369774,0.000050702835
id09537,0.905845625777,0.001981087761,0.092173286462
id27596,0.982283529821,0.016598278838,0.001118191341
id24255,0.001370849893,0.000118306055,0.998510844052
id05080,0.000172210286,0.000064782367,0.999763007348
id09484,0.999820164725,0.000073635827,0.000106199448
id14864,0.000575347390,0.000073694597,0.999350958013
id26836,0.998805365429,0.000329281859,0.000865352711
id07003,0.988330265365,0.000267815831,0.011401918804
id13750,0.000065921218,0.999862715402,0.000071363380
id21799,0.001812613965,0.003095402448,0.995091983587
id11285,0.999832325098,0.000075261882,0.000092413020
id04735,0.990380423227,0.006566402489,0.003053174284
id23049,0.000104669034,0.000071311557,0.999824019409
id05826,0.188545650212,0.807525238097,0.003929111691
id17916,0.000234151275,0.999616573875,0.000149274850
id14081,0.005866908424,0.000145048854,0.993988042722
id10527,0.007688741019,0.000124952373,0.992186306608
id16059,0.002049032757,0.994251444355,0.003699522888
id25542,0.999753815200,0.000113547161,0.000132637639
id05402,0.000128839051,0.000104397602,0.999766763347
id01927,0.009917674521,0.342785115692,0.647297209788
id27656,0.990400756638,0.002477427619,0.007121815743
id06708,0.009997685186,0.940645639863,0.049356674950
id03524,0.000367466226,0.999371118022,0.000261415752
id12297,0.180357831414,0.815534729520,0.004107439066
id03439,0.982558712580,0.001481205935,0.015960081485
id04587,0.000071632560,0.999866069929,0.000062297511
id25470,0.000070612610,0.999856884258,0.000072503131
id01212,0.000155680272,0.999755097165,0.000089222562
id13932,0.996059867757,0.002312636083,0.001627496159
id00124,0.006781254618,0.000168411536,0.993050333846
