id,EAP,HPL,MWS
id02310,0.026884338782,0.104016587719,0.869099073498
id24541,0.944551292120,0.028602752216,0.026845955664
id00134,0.029523635807,0.940863089708,0.029613274485
id27757,0.943936354608,0.029066676112,0.026996969281
id04081,0.047878559413,0.896336426354,0.055785014233
id27337,0.940701298857,0.031115675486,0.028183025657
id24265,0.942519706864,0.030079208152,0.027401084984
id25917,0.026976841789,0.032708492252,0.940314665959
id04951,0.940078065342,0.031396154580,0.028525780078
id14549,0.937726275083,0.035969141107,0.026304583811
id22505,0.024550266154,0.388377833174,0.587071900672
id24002,0.029370492740,0.941667295912,0.028962211348
id18982,0.232447347528,0.518556228557,0.248996423915
id15181,0.032231473262,0.939906075068,0.027862451671
id21888,0.763907022039,0.210543352306,0.025549625654
id12035,0.029077992272,0.026982058345,0.943939949384
id17991,0.892681886761,0.061476879704,0.045841233535
id10707,0.940384596942,0.032010213467,0.027605189591
id07101,0.030036141541,0.039868227645,0.930095630814
id00345,0.030089624700,0.940576127345,0.029334247956
id05912,0.711249054998,0.038770644430,0.249980300572
id13443,0.807585548640,0.033497234655,0.158917216705
id09248,0.395282394742,0.065719931872,0.538997673386
id17542,0.116252166103,0.836716040285,0.047031793612
id06995,0.042843392013,0.027488597175,0.929668010812
id25159,0.940990735848,0.031928153832,0.027081110320
id25729,0.027883595029,0.944612233358,0.027504171613
id26949,0.930940807819,0.038895487574,0.030163704607
id27191,0.027772236905,0.028314654051,0.943913109044
id07668,0.035148149259,0.026665162131,0.938186688610
id02230,0.044716701161,0.461166851192,0.494116447647
id15553,0.940549905506,0.030147513611,0.029302580884
id25688,0.030079265412,0.941414883909,0.028505850679
id17545,0.941740614509,0.034168507952,0.024090877539
id13929,0.221980386226,0.026789973856,0.751229639918
id12880,0.028416112186,0.944074109308,0.027509778506
id19282,0.941959977511,0.030046555419,0.027993467070
id14690,0.029169361525,0.028565204005,0.942265434470
id17975,0.030611294303,0.943083864087,0.026304841610
id08037,0.887380839136,0.029876105770,0.082743055094
id15412,0.162068024741,0.031391723628,0.806540251631
id25032,0.223331535619,0.036437366152,0.740231098230
id27165,0.944191760586,0.027961678237,0.027846561177
id03327,0.939545064804,0.030742455085,0.029712480111
id18515,0.943515706062,0.026878127083,0.029606166855
id21003,0.026499562414,0.027365380220,0.946135057366
id23855,0.030442393336,0.939141706475,0.030415900189
id20724,0.923301062678,0.035235496605,0.041463440717
id13303,0.938130237730,0.027703599672,0.034166162598
id16521,0.030135519053,0.942122387208,0.027742093739
id20775,0.939672864553,0.031299909588,0.029027225860
id13029,0.930957354026,0.044810875750,0.024231770224
id14660,0.898771085434,0.061219051115,0.040009863451
id11028,0.031263006793,0.027108335494,0.941628657713
id14180,0.940715356442,0.030028995729,0.029255647829
id25860,0.942770623479,0.028936246382,0.028293130139
id11910,0.096062519071,0.055673495019,0.848263985910
id08065,0.332237914076,0.028885457411,0.638876628514
id22674,0.025547011847,0.026064605914,0.948388382240
id25018,0.041635219552,0.028359382328,0.930005398121
id10892,0.030206604924,0.940068718283,0.029724676792
id10217,0.035167860461,0.935456571945,0.029375567595
id12996,0.612613733851,0.045700078023,0.341686188126
id18262,0.939653243773,0.032529773557,0.027816982670
id08606,0.030465273854,0.940684220365,0.028850505780
id17233,0.545098138129,0.323517009057,0.131384852814
id00101,0.178919701953,0.784117755763,0.036962542284
id12225,0.937421408760,0.028396570775,0.034182020465
id01364,0.029247757365,0.941454837953,0.029297404682
id24973,0.941419075166,0.026816630314,0.031764294520
id25363,0.940718155028,0.030705189169,0.028576655803
id10061,0.027433143368,0.027572710624,0.944994146008
id17673,0.030694763026,0.940083982689,0.029221254285
id13249,0.565280897817,0.037689401252,0.397029700931
id10107,0.026726939192,0.027828736656,0.945444324152
id04403,0.944281891878,0.027609355488,0.028108752634
id25728,0.934467774231,0.034807594414,0.030724631355
id16184,0.927351879037,0.047363145597,0.025284975366
id03438,0.048389480936,0.029956951693,0.921653567371
id22923,0.028220928322,0.941692668534,0.030086403144
id08610,0.944112694263,0.029782708734,0.026104597002
id25355,0.035389773518,0.033236764321,0.931373462161
id16916,0.942065286614,0.030364155745,0.027570557641
id12793,0.184240504424,0.778222100408,0.037537395168
id11859,0.604012864083,0.042228994519,0.353758141398
id02434,0.942894656223,0.030531454331,0.026573889446
id27703,0.031382583384,0.026779595330,0.941837821286
id25212,0.030048202311,0.942786036207,0.027165761483
id11308,0.030251172896,0.028173503967,0.941575323137
id26094,0.923489315566,0.030183409339,0.046327275095
id22080,0.940101986443,0.032032707819,0.027865305738
id03545,0.944723783119,0.028510194603,0.026766022278
id23725,0.031777061847,0.034493410163,0.933729527989
id12009,0.797637799776,0.161483650058,0.040878550166
id24241,0.442694417314,0.041995996763,0.515309585924
id03596,0.029590870654,0.942281873052,0.028127256294
id10749,0.029563466186,0.942753520789,0.027683013025
id22794,0.322468898424,0.109453975361,0.568077126215
id15482,0.027118454267,0.942522063646,0.030359482087
id04833,0.654300997531,0.291755913989,0.053943088481
id00397,0.027005463506,0.028003601040,0.944990935454
id14691,0.026907954890,0.028307590402,0.944784454709
id05193,0.037083175185,0.028946438632,0.933970386183
id19541,0.939963210664,0.031906344436,0.028130444900
id22166,0.029797847296,0.027201785238,0.943000367465
id20744,0.028615555592,0.026770867504,0.944613576904
id10392,0.028150558913,0.027833411914,0.944016029173
id00770,0.942575957445,0.028185678756,0.029238363800
id06018,0.938294144527,0.031645904781,0.030059950692
id15678,0.050537247820,0.029931952503,0.919530799677
id08305,0.940126513034,0.028195975679,0.031677511287
id08903,0.028284533680,0.027133564250,0.944581902070
id14752,0.029877566201,0.941300452806,0.028821980993
id12468,0.028181698493,0.942212578800,0.029605722707
id05085,0.028268309912,0.940476805686,0.031254884403
id21993,0.031333309599,0.027524686024,0.941142004377
id15503,0.944537359764,0.028557107811,0.026905532425
id03021,0.028594474047,0.944058879952,0.027346646001
id16123,0.939277232393,0.035847876248,0.024874891359
id19383,0.939094107360,0.033064941723,0.027840950917
id04186,0.943469523710,0.028918015557,0.027612460734
id17954,0.027098670541,0.027959059861,0.944942269597
id12030,0.308837095999,0.072796655880,0.618366248121
id13020,0.852641624306,0.112677358720,0.034681016973
id25327,0.031286817523,0.904388522715,0.064324659763
id16344,0.031633378278,0.031430227026,0.936936394696
id12303,0.029261260425,0.942264471683,0.028474267892
id15017,0.940210347673,0.032134911563,0.027654740764
id22308,0.027128110885,0.025732315035,0.947139574080
id06536,0.028020122602,0.029007777923,0.942972099475
id19797,0.053336129770,0.914328766891,0.032335103339
id06332,0.941470477510,0.030049972530,0.028479549960
id22941,0.035571326834,0.027697354669,0.936731318498
id13547,0.033892652064,0.210773737177,0.755333610759
id06928,0.027512210714,0.027955511314,0.944532277972
id12521,0.839159138553,0.124942221119,0.035898640328
id25716,0.048590352320,0.028141132586,0.923268515095
id27116,0.027973618145,0.026458136122,0.945568245733
id19941,0.030325304411,0.941933265477,0.027741430111
id05711,0.028215901611,0.026327842552,0.945456255837
id02097,0.028303244453,0.027146714292,0.944550041255
id03563,0.029480598550,0.940542043999,0.029977357451
id02295,0.554617088773,0.415019018318,0.030363892909
id08179,0.941960886309,0.029981113333,0.028058000358
id05332,0.030219112934,0.941159636834,0.028621250232
id15697,0.941310903956,0.029745648351,0.028943447693
id17026,0.034572717600,0.030085209382,0.935342073018
id04243,0.866122983613,0.104307367817,0.029569648570
id13175,0.946693929766,0.026663923581,0.026642146652
id05387,0.946079046436,0.028786183387,0.025134770177
id19989,0.938447935524,0.031738917678,0.029813146798
id25173,0.032357336019,0.028670557293,0.938972106688
id08925,0.029734941854,0.940758069799,0.029506988347
id03034,0.031512664378,0.939602667143,0.028884668479
id13272,0.028643214296,0.942186258443,0.029170527261
id07956,0.032588020676,0.027801153405,0.939610825919
id02648,0.028540328432,0.026163624459,0.945296047109
id01778,0.026311988834,0.028737889757,0.944950121409
id12846,0.025013175132,0.028275898679,0.946710926189
id19001,0.938576842370,0.027901140612,0.033522017017
id05763,0.626359937242,0.150430858320,0.223209204438
id15590,0.081816172166,0.028983307981,0.889200519853
id04912,0.769648715971,0.028354559635,0.201996724394
id21201,0.830900194420,0.041395957573,0.127703848007
id13215,0.940974203983,0.027087419660,0.031938376356
id15612,0.030399721903,0.939645018702,0.029955259395
id18501,0.302789544492,0.041517138169,0.655693317339
id07223,0.317066844780,0.640504167449,0.042428987771
id06707,0.029285336887,0.102338222470,0.868376440643
id05238,0.029473923268,0.941650144144,0.028875932588
id00935,0.028199511510,0.027285934701,0.944514553789
id00110,0.937570010477,0.031299591077,0.031130398446
id17476,0.384124493627,0.583166384334,0.032709122038
id15170,0.942593089610,0.030805952956,0.026600957434
id13397,0.183117443532,0.782058031818,0.034824524649
id24283,0.941614181853,0.029581737737,0.028804080411
id15234,0.937537116580,0.036281021395,0.026181862025
id16884,0.033132557414,0.930488027816,0.036379414770
id07831,0.133424318557,0.822119261978,0.044456419465
id16038,0.934348759251,0.036613321940,0.029037918809
id03629,0.944970307974,0.028471283189,0.026558408837
id21019,0.942120782445,0.028814888849,0.029064328706
id21835,0.213416363233,0.331978638368,0.454604998399
id04480,0.027999849594,0.942154704108,0.029845446298
id20838,0.411825113217,0.546000691940,0.042174194843
id24195,0.765299698916,0.029391755975,0.205308545109
id05448,0.937422452706,0.034865870869,0.027711676425
id15957,0.031484766020,0.938551236181,0.029963997799
id19956,0.031071955199,0.028684578335,0.940243466466
id15104,0.044408308823,0.031359682265,0.924232008912
id17559,0.941791106705,0.031905210937,0.026303682358
id16839,0.034020893073,0.930515724835,0.035463382092
id14493,0.840316559187,0.034977972314,0.124705468499
id08833,0.513301083776,0.039171404442,0.447527511782
id15723,0.031889782260,0.027826055325,0.940284162415
id02716,0.939842628066,0.031895838195,0.028261533739
id06689,0.028806684106,0.941252157616,0.029941158278
id18837,0.028543302469,0.025678622657,0.945778074874
id04466,0.944299342398,0.029196187544,0.026504470058
id00686,0.940224333061,0.029521814959,0.030253851980
id09010,0.028690184783,0.941208641319,0.030101173898
id23353,0.940407517024,0.030203699399,0.029388783576
id00066,0.098289887448,0.871572046707,0.030138065846
id15724,0.029952639634,0.939774760380,0.030272599986
id23486,0.028697503424,0.027638396298,0.943664100278
id22258,0.029402236619,0.030591186098,0.940006577283
id02292,0.935325524107,0.035161002539,0.029513473353
id16356,0.025383327854,0.028138533555,0.946478138591
id00235,0.939875454403,0.030857954765,0.029266590832
id25522,0.549994490594,0.039862423034,0.410143086373
id04204,0.029793688715,0.942282487731,0.027923823554
id22016,0.208495253972,0.057137945124,0.734366800904
id06480,0.032950471354,0.938941073767,0.028108454879
id08718,0.031335918546,0.026982780919,0.941681300535
id05251,0.030034742706,0.941311020011,0.028654237284
id03359,0.941700870146,0.030871572534,0.027427557320
id16117,0.027290979854,0.027595978312,0.945113041833
id17000,0.029780670375,0.941622154137,0.028597175489
id01730,0.029351513232,0.942171816582,0.028476670185
id00630,0.942910848928,0.028756547712,0.028332603360
id18175,0.401846492760,0.031462804615,0.566690702625
id00907,0.780044986561,0.116869314276,0.103085699163
id18251,0.029654040472,0.941091355857,0.029254603671
id25861,0.937679563118,0.034709191019,0.027611245863
id00398,0.877300441421,0.028810292096,0.093889266483
id27573,0.940433650513,0.031422685982,0.028143663505
id10022,0.032731282790,0.287760975453,0.679507741757
id15901,0.030430150890,0.027713413640,0.941856435470
id00451,0.026550783712,0.029474787218,0.943974429070
id23129,0.029200076198,0.941461559245,0.029338364557
id26498,0.029027336032,0.943065081294,0.027907582674
id14741,0.026880942936,0.943328033878,0.029791023186
id18453,0.038024810532,0.103542506977,0.858432682491
id08309,0.564989629931,0.403894437822,0.031115932246
id00320,0.944305702937,0.029292783785,0.026401513278
id07688,0.185080275700,0.031401017178,0.783518707122
id01556,0.028981987382,0.029433926556,0.941584086062
id00178,0.029315568059,0.029468645078,0.941215786863
id18902,0.026387295256,0.029196223426,0.944416481318
id27002,0.838027413035,0.128352555706,0.033620031259
id21418,0.943745445183,0.028845422303,0.027409132514
id23018,0.918731081028,0.032349384466,0.048919534507
id07032,0.780587907395,0.034670005915,0.184742086691
id16195,0.812947482669,0.034714239634,0.152338277697
id11202,0.028969100631,0.939695088646,0.031335810724
id09578,0.931242170946,0.031960139191,0.036797689863
id26984,0.907685754821,0.041619965697,0.050694279483
id19856,0.028784404537,0.942968864314,0.028246731149
id12086,0.661819248722,0.036988536435,0.301192214843
id12052,0.027870010406,0.026494141907,0.945635847687
id17728,0.027334580892,0.027352670529,0.945312748579
id24608,0.899182986681,0.046931908129,0.053885105190
id21097,0.110611855647,0.164549426961,0.724838717392
id20179,0.026197980948,0.027377031918,0.946424987134
id15144,0.033348814870,0.935448664187,0.031202520943
id00206,0.940445437490,0.031349671366,0.028204891144
id22285,0.027862079491,0.027837018346,0.944300902162
id06417,0.032374316588,0.940957441747,0.026668241665
id00215,0.029467498937,0.941368820032,0.029163681031
id04201,0.911828766279,0.041222748483,0.046948485237
id21771,0.939080599845,0.032088025384,0.028831374771
id12451,0.040023234204,0.762932034852,0.197044730944
id14250,0.029259019611,0.944129451535,0.026611528854
id03433,0.029352463354,0.943103264030,0.027544272616
id03303,0.029537645955,0.028158808379,0.942303545666
id25901,0.065544479805,0.621136917886,0.313318602309
id06945,0.908590138371,0.032695414457,0.058714447172
id05664,0.891944399113,0.080124575554,0.027931025333
id05741,0.938723380819,0.031860175916,0.029416443265
id10652,0.939275301154,0.029001386847,0.031723311998
id16300,0.937456310843,0.032918316908,0.029625372249
id12319,0.905326527701,0.061894488626,0.032778983673
id07500,0.029685838639,0.938862542214,0.031451619147
id12478,0.450444779256,0.162192532078,0.387362688665
id03076,0.039952768325,0.029282585015,0.930764646659
id00969,0.028997650575,0.940785438521,0.030216910904
id23636,0.028909858323,0.940504908570,0.030585233107
id09791,0.022765721952,0.229061818623,0.748172459424
id05680,0.030248703277,0.940678698522,0.029072598201
id03672,0.029207399702,0.942737287936,0.028055312362
id04286,0.029331094670,0.942213329533,0.028455575796
id23883,0.028263375999,0.028243349583,0.943493274418
id11914,0.031519762497,0.026879805387,0.941600432116
id20974,0.029569529902,0.942222349829,0.028208120269
id26125,0.577701510853,0.029738483788,0.392560005359
id15543,0.907783997650,0.030594150771,0.061621851578
id19471,0.941961500212,0.029036790051,0.029001709738
id11503,0.713631429533,0.251182053778,0.035186516688
id09321,0.027940483541,0.943557337019,0.028502179440
id25560,0.027208545812,0.027257459993,0.945533994196
id06726,0.901514626893,0.064238251841,0.034247121266
id05709,0.937478563678,0.032191456061,0.030329980261
id09788,0.030577348454,0.531322813313,0.438099838233
id05289,0.942884509691,0.028862640047,0.028252850262
id11815,0.032668292904,0.938572797996,0.028758909100
id22422,0.935884827691,0.030332632194,0.033782540116
id25954,0.947450607349,0.027089084836,0.025460307815
id13601,0.631833037336,0.322753215962,0.045413746703
id05677,0.168358306959,0.032672477886,0.798969215155
id10498,0.029027368852,0.942521857513,0.028450773635
id02665,0.912881787134,0.059252965963,0.027865246903
id10114,0.032243577739,0.940577029481,0.027179392779
id26314,0.942125141597,0.028650962208,0.029223896195
id21240,0.356071756298,0.053168930481,0.590759313221
id15569,0.941877255386,0.031816530578,0.026306214036
id25928,0.668860084776,0.069482750052,0.261657165172
id22706,0.030193061934,0.939655822156,0.030151115910
id20877,0.028079068960,0.944641659181,0.027279271859
id04318,0.944285239860,0.027567692186,0.028147067954
id18299,0.047286901119,0.918382592287,0.034330506594
id08126,0.026736424819,0.048919977849,0.924343597331
id14293,0.032566196901,0.027495195450,0.939938607649
id12759,0.941948199945,0.029796983309,0.028254816746
id11983,0.555606908267,0.038098930234,0.406294161499
id05580,0.939018907207,0.027587363884,0.033393728909
id25846,0.030717369658,0.940040188728,0.029242441614
id01939,0.571850301531,0.176867771711,0.251281926758
id26327,0.105968571227,0.516163746460,0.377867682312
id11068,0.029963211495,0.027929511783,0.942107276722
id08404,0.940892791398,0.032220667589,0.026886541014
id27189,0.029059250141,0.941935856919,0.029004892939
id15119,0.030358001972,0.940237988116,0.029404009912
id26525,0.940581541541,0.031797624960,0.027620833499
id03618,0.267623346058,0.675460139463,0.056916514478
id27220,0.941747908385,0.030518438442,0.027733653173
id18777,0.033221080788,0.027568376344,0.939210542868
id20213,0.506562542655,0.031916982482,0.461520474862
id20403,0.940349580959,0.030775429377,0.028874989664
id03777,0.025921468122,0.028535896231,0.945542635647
id10595,0.212354354959,0.761083005712,0.026562639329
id13816,0.055482046160,0.032325956947,0.912191996892
id05667,0.025857293994,0.026632524287,0.947510181718
id24629,0.936367154880,0.033569518077,0.030063327043
id20398,0.112597381030,0.036478606144,0.850924012826
id14108,0.028811286157,0.028281888503,0.942906825340
id06196,0.030741975710,0.940243492444,0.029014531846
id02800,0.942453804122,0.030353025077,0.027193170801
id18732,0.029727156837,0.941684186465,0.028588656698
id11915,0.028126863500,0.941163746749,0.030709389751
id09739,0.939757811305,0.031079287452,0.029162901243
id24672,0.938611162408,0.031850573444,0.029538264148
id00414,0.028616078783,0.026899871452,0.944484049765
id16307,0.949373123097,0.026904551636,0.023722325267
id14043,0.033135781437,0.028476776928,0.938387441635
id00517,0.028447354371,0.026577836424,0.944974809205
id09744,0.896371216400,0.073623730288,0.030005053312
id19257,0.943124100107,0.033028350785,0.023847549108
id15437,0.121592370517,0.845756148925,0.032651480558
id16352,0.055383609133,0.064986679146,0.879629711721
id18849,0.321708348876,0.034778717947,0.643512933177
id19434,0.027810046874,0.941919114671,0.030270838455
id17928,0.029304472028,0.029484362572,0.941211165400
id16896,0.032333578828,0.028111193724,0.939555227448
id02135,0.030721624046,0.937937766601,0.031340609353
id15075,0.939356082666,0.030799450175,0.029844467158
id27486,0.028513330063,0.941474479782,0.030012190155
id19422,0.285565805438,0.680903501586,0.033530692977
id09603,0.035124075622,0.934106939638,0.030768984740
id02133,0.029630197347,0.943508426622,0.026861376031
id03441,0.494926495052,0.038209621262,0.466863883686
id02398,0.029292654489,0.941411276421,0.029296069090
id05152,0.056824497908,0.030082500939,0.913093001153
id17838,0.935978236255,0.031938283974,0.032083479771
id25060,0.939531145072,0.033242478783,0.027226376145
id09998,0.025740863077,0.034541007221,0.939718129701
id01828,0.032734729546,0.937921269906,0.029344000548
id25377,0.927388734745,0.033749343774,0.038861921481
id22175,0.029302155445,0.940841765261,0.029856079294
id02974,0.027142877634,0.027263261134,0.945593861232
id26955,0.944427210383,0.028431633703,0.027141155915
id21091,0.926674510407,0.041106811911,0.032218677682
id12802,0.943780860791,0.029707372480,0.026511766729
id07432,0.029269888964,0.942908941646,0.027821169390
id18749,0.104569273259,0.860218961777,0.035211764963
id15030,0.028320589500,0.028848769358,0.942830641142
id17155,0.027906208797,0.943878887712,0.028214903491
id08128,0.030452060100,0.941652267116,0.027895672784
id25706,0.031275254313,0.940436597804,0.028288147884
id15645,0.938605261865,0.032030594418,0.029364143717
id04943,0.033688085865,0.934267911771,0.032044002364
id27566,0.025046911790,0.028289135914,0.946663952296
id11765,0.024114717925,0.032999334497,0.942885947579
id13783,0.809079778797,0.156688378868,0.034231842335
id00492,0.029293665971,0.027265076305,0.943441257724
id27636,0.066122352606,0.030016221434,0.903861425960
id04273,0.847859715386,0.082919369862,0.069220914752
id02537,0.040360792651,0.036575215614,0.923063991735
id24349,0.943053405084,0.029881639551,0.027064955366
id00023,0.028911454059,0.942812140294,0.028276405647
id23025,0.033661284054,0.939903130232,0.026435585714
id08722,0.938223629472,0.031158718268,0.030617652259
id02420,0.944370200672,0.028195148795,0.027434650533
id10811,0.931385658313,0.031706444144,0.036907897543
id04019,0.027433500306,0.032948941950,0.939617557744
id18334,0.941323412162,0.029737992599,0.028938595239
id16781,0.929516548832,0.037948293291,0.032535157876
id08773,0.621260155843,0.184368072787,0.194371771370
id19214,0.865235550982,0.041256159344,0.093508289674
id09589,0.027012870673,0.945468595596,0.027518533731
id24246,0.944664942866,0.028154677887,0.027180379246
id23577,0.625870758569,0.347431069518,0.026698171913
id09305,0.935331112183,0.031885969437,0.032782918380
id16460,0.414730366174,0.234465653059,0.350803980768
id21115,0.939637834213,0.030378407047,0.029983758740
id25996,0.867159213929,0.075805683186,0.057035102885
id02551,0.026127456430,0.026370730183,0.947501813387
id19352,0.029557414076,0.028422965230,0.942019620695
id03806,0.750571740144,0.032571853231,0.216856406625
id26544,0.726725028992,0.034779288931,0.238495682077
id18761,0.939690518710,0.031315409800,0.028994071489
id24148,0.032349562501,0.939067763776,0.028582673722
id16095,0.029101527422,0.942909762697,0.027988709881
id18442,0.879951947212,0.045757087220,0.074290965568
id22596,0.027400439927,0.026840372706,0.945759187367
id23002,0.043399390190,0.295467183332,0.661133426477
id04797,0.940926312001,0.030902625555,0.028171062443
id06610,0.031665330854,0.028300752621,0.940033916525
id16173,0.833951178825,0.083688922295,0.082359898879
id18292,0.027193853087,0.032919141814,0.939887005099
id27328,0.943174211402,0.030401058618,0.026424729980
id01695,0.028169637100,0.941418549944,0.030411812956
id05761,0.721423609773,0.061355242382,0.217221147845
id16354,0.940214785761,0.030731447683,0.029053766556
id12207,0.031707142363,0.937521064538,0.030771793098
id05665,0.027844890508,0.027099328408,0.945055781084
id01911,0.945980163512,0.027135335543,0.026884500945
id19153,0.028506491193,0.026990240620,0.944503268188
id10295,0.927914876343,0.040114406122,0.031970717535
id23038,0.941498358108,0.031662405862,0.026839236030
id23783,0.029789114911,0.941854971284,0.028355913805
id27879,0.940037668466,0.032155831147,0.027806500387
id19190,0.025785762348,0.947788091943,0.026426145708
id05065,0.942174601568,0.028876931214,0.028948467219
id21296,0.033874924910,0.939041125747,0.027083949343
id13262,0.036268414144,0.036245179136,0.927486406720
id10333,0.943526059023,0.030190547726,0.026283393251
id16677,0.025077985767,0.944206182371,0.030715831862
id01392,0.153346326483,0.042851692560,0.803801980957
id27874,0.884663645294,0.081785332736,0.033551021970
id02294,0.294285077865,0.649456900116,0.056258022019
id18298,0.027443747170,0.027534805928,0.945021446902
id06997,0.939356845256,0.031482874417,0.029160280327
id05243,0.146340748831,0.803203964784,0.050455286385
id00860,0.032974544294,0.873440271069,0.093585184637
id26681,0.942386096357,0.029392102909,0.028221800734
id06020,0.028530467728,0.027240822160,0.944228710112
id27683,0.935610095520,0.033257096770,0.031132807710
id17655,0.030852987606,0.940585016854,0.028561995540
id08817,0.029454543726,0.026774621336,0.943770834938
id11512,0.024825358280,0.031406704941,0.943767936779
id00478,0.129470769096,0.051355650638,0.819173580265
id02116,0.942120897758,0.030108871302,0.027770230940
id06746,0.941456229198,0.031980620551,0.026563150251
id03863,0.857542416441,0.092388445601,0.050069137959
id01802,0.037683548699,0.931366869168,0.030949582134
id11682,0.905744931160,0.058606944842,0.035648123998
id04033,0.030306634725,0.940815808146,0.028877557130
id09286,0.030351574536,0.936903090870,0.032745334593
id12904,0.940733388235,0.029734671592,0.029531940173
id07420,0.027157005005,0.027640628533,0.945202366462
id22398,0.029430303875,0.943336467812,0.027233228312
id00424,0.027456065278,0.027359119440,0.945184815282
id20960,0.922522709005,0.045892673594,0.031584617401
id10267,0.027586922371,0.944044182926,0.028368894703
id19330,0.427314797132,0.038116180691,0.534569022176
id00994,0.029881845981,0.942416042752,0.027702111267
id10785,0.228715429099,0.730426327094,0.040858243807
id00955,0.028911791201,0.944674772750,0.026413436048
id09757,0.029665521005,0.941532690383,0.028801788612
id10030,0.031220910512,0.026937754343,0.941841335144
id22952,0.027747088908,0.027633795004,0.944619116087
id21955,0.026900722866,0.027527253764,0.945572023370
id07674,0.599239426708,0.360707495044,0.040053078249
id13760,0.028037920810,0.943446404430,0.028515674760
id18166,0.939693826096,0.031611707222,0.028694466682
id23498,0.942795414012,0.029420137975,0.027784448013
id05296,0.942326715417,0.029581106915,0.028092177668
id26709,0.947785508633,0.026724265143,0.025490226224
id02853,0.938224756755,0.031980760736,0.029794482509
id06800,0.758066785774,0.031295865297,0.210637348929
id14758,0.034636029100,0.831359180691,0.134004790209
id12356,0.941594859781,0.030128745261,0.028276394958
id21492,0.741696161417,0.223544371168,0.034759467416
id27540,0.047088603246,0.027850105055,0.925061291699
id07376,0.040662780253,0.884913059753,0.074424159995
id15201,0.215917615317,0.718390383428,0.065692001255
id23388,0.028781397783,0.942052738822,0.029165863395
id13923,0.028392559543,0.942867106827,0.028740333631
id00794,0.030105846211,0.940617138130,0.029277015659
id23910,0.028605914136,0.029161655909,0.942232429954
id02556,0.033088994993,0.029166381257,0.937744623750
id22151,0.029392820563,0.940890060789,0.029717118648
id11698,0.028649266416,0.938270532699,0.033080200885
id11627,0.169327184533,0.042908177261,0.787764638207
id06340,0.932551722602,0.036505987030,0.030942290368
id05123,0.925873680895,0.033822979695,0.040303339409
id26620,0.028059788268,0.027911957944,0.944028253788
id04002,0.026295735197,0.027532688761,0.946171576042
id26554,0.824960647655,0.102210008956,0.072829343389
id18012,0.516415214252,0.033058442348,0.450526343401
id12964,0.070206314300,0.033113240396,0.896680445304
id18965,0.036833516669,0.404132161913,0.559034321419
id19082,0.036865545634,0.028951225825,0.934183228541
id26742,0.029761978503,0.027409870136,0.942828151361
id15442,0.030353631430,0.943404851995,0.026241516575
id16647,0.391685484297,0.032536662367,0.575777853337
id11544,0.031210824208,0.035977255188,0.932811920604
id20581,0.028993839997,0.028497193244,0.942508966759
id13192,0.938288123373,0.031471679646,0.030240196981
id15814,0.032631512828,0.029261121356,0.938107365816
id26279,0.028618290264,0.942196916819,0.029184792917
id00240,0.639587307090,0.322343690786,0.038069002124
id22836,0.944073718563,0.029191724004,0.026734557433
id15085,0.029470121212,0.944053998665,0.026475880123
id17495,0.832015679264,0.037131974916,0.130852345820
id26762,0.143081791331,0.029291110724,0.827627097945
id13685,0.939863596880,0.031158773271,0.028977629850
id16560,0.055440308340,0.914234444414,0.030325247246
id17184,0.029749867655,0.942138348945,0.028111783400
id21635,0.938298637319,0.031670025244,0.030031337437
id26751,0.305639747290,0.660342767730,0.034017484980
id12351,0.942738446081,0.029927171289,0.027334382629
id14872,0.519250175242,0.048199488680,0.432550336078
id18372,0.942292209958,0.029144283641,0.028563506401
id26851,0.758052519324,0.035797125048,0.206150355628
id22659,0.638509454704,0.331373192379,0.030117352917
id04102,0.026482931369,0.026691938038,0.946825130593
id02353,0.029820390930,0.942457549352,0.027722059718
id26721,0.940415044746,0.030418671170,0.029166284084
id11171,0.940629734718,0.029231042110,0.030139223172
id13562,0.739938301779,0.219438119041,0.040623579180
id26425,0.939083695762,0.030584493663,0.030331810575
id26394,0.932986089683,0.039889230965,0.027124679351
id22187,0.938704222869,0.030367382411,0.030928394721
id00422,0.940711886044,0.030770774002,0.028517339954
id22667,0.029169150814,0.941646659374,0.029184189811
id00911,0.924647951335,0.033524807490,0.041827241174
id17291,0.028216351175,0.027820026481,0.943963622344
id01915,0.027641466777,0.188366483017,0.783992050207
id01434,0.042860000916,0.029941021513,0.927198977571
id01584,0.643247348062,0.037310887095,0.319441764843
id09266,0.942506187109,0.030302237505,0.027191575386
id17494,0.031544136241,0.938219523817,0.030236339942
id24919,0.894262505838,0.042614021389,0.063123472773
id21043,0.026957477357,0.027854390174,0.945188132469
id17796,0.029212265526,0.941822649770,0.028965084704
id02166,0.939735989722,0.030394407880,0.029869602398
id17503,0.831968209005,0.032043448170,0.135988342825
id21203,0.938065477150,0.032912784863,0.029021737987
id25626,0.942243131155,0.030335622564,0.027421246281
id09836,0.942080578041,0.030212845190,0.027706576769
id24202,0.023775286617,0.076060940827,0.900163772556
id27260,0.028750278723,0.026317895165,0.944931826112
id23167,0.027507635104,0.027426810460,0.945065554436
id10393,0.028042872156,0.944600759659,0.027356368184
id01171,0.802136616987,0.168314224902,0.029549158111
id06380,0.944683949843,0.027801618074,0.027514432083
id22686,0.028308209720,0.029684513712,0.942007276568
id26250,0.030356390481,0.028094353600,0.941549255919
id09315,0.033178506603,0.934094063205,0.032727430192
id00886,0.028890998488,0.941260760668,0.029848240844
id03101,0.943577573987,0.028340820143,0.028081605870
id12367,0.310050613207,0.036141509374,0.653807877419
id10770,0.930982212414,0.041051491161,0.027966296425
id14949,0.030400157632,0.939234467773,0.030365374595
id14141,0.937760228902,0.033332530335,0.028907240764
id25417,0.302434957744,0.601613502235,0.095951540021
id26873,0.574763435202,0.380708386325,0.044528178473
id10818,0.028725633441,0.026889921392,0.944384445167
id15146,0.939996295445,0.031034941420,0.028968763135
id23328,0.941854637866,0.029061696862,0.029083665272
id16765,0.029902545902,0.941100090040,0.028997364057
id24383,0.917719894662,0.052322734004,0.029957371334
id21304,0.939724439742,0.031131608599,0.029143951660
id12551,0.032352735870,0.939552928788,0.028094335342
id23274,0.028514835918,0.028644660798,0.942840503284
id08117,0.940697221199,0.032156508525,0.027146270276
id23961,0.941094922320,0.030452688734,0.028452388945
id13865,0.029470520497,0.942011285849,0.028518193653
id22807,0.025390848956,0.029442620354,0.945166530690
id08951,0.082624358992,0.034517170617,0.882858470391
id18684,0.941979750813,0.029575266962,0.028444982225
id25179,0.729923705583,0.240545191846,0.029531102571
id27033,0.946945682083,0.027651405767,0.025402912150
id13977,0.029227042688,0.943912915318,0.026860041994
id19337,0.029778241626,0.941519804920,0.028701953454
id25764,0.029478791235,0.941379662471,0.029141546294
id16106,0.026565738761,0.027340080966,0.946094180273
id05468,0.718318234232,0.033899837423,0.247781928345
id05241,0.926908917016,0.032756106000,0.040334976984
id10215,0.625941893748,0.036275482583,0.337782623669
id23457,0.026784544132,0.027505699251,0.945709756617
id02200,0.944699450654,0.030010393500,0.025290155846
id13714,0.028658892258,0.941815687988,0.029525419754
id20332,0.026970475730,0.027537534960,0.945491989310
id18573,0.024528918696,0.045679991895,0.929791089409
id08569,0.944070616198,0.029393369792,0.026536014010
id22767,0.035588126227,0.930029635229,0.034382238544
id25390,0.027354784039,0.944518283548,0.028126932413
id09288,0.940737369836,0.031476963391,0.027785666773
id12381,0.938955952192,0.031181441994,0.029862605813
id02895,0.028376057625,0.028718627128,0.942905315246
id25270,0.116176061714,0.031426311085,0.852397627201
id14248,0.854018927763,0.099796742043,0.046184330194
id12831,0.942105012424,0.030817315137,0.027077672439
id18305,0.927148962189,0.034839304246,0.038011733566
id07805,0.783467169613,0.187569632241,0.028963198146
id14027,0.026704034398,0.027349122435,0.945946843167
id02760,0.522817158214,0.047039539845,0.430143301941
id24362,0.940961723469,0.031580302629,0.027457973901
id17065,0.029091998668,0.941448262503,0.029459738829
id26583,0.032663993827,0.939535456844,0.027800549329
id19664,0.795796693760,0.175777925337,0.028425380903
id25145,0.947433742490,0.027867860577,0.024698396933
id17858,0.027981281518,0.942307002749,0.029711715733
id05148,0.029472885224,0.239828560627,0.730698554149
id22928,0.802053667885,0.168635117245,0.029311214870
id21549,0.188462616291,0.029905288237,0.781632095472
id12649,0.027374664240,0.940907880840,0.031717454920
id21597,0.941902542087,0.030294785615,0.027802672298
id27945,0.943094038612,0.029595095653,0.027310865735
id00243,0.938836562343,0.032025918659,0.029137518998
id02745,0.942024840658,0.030950864423,0.027024294919
id23550,0.030814571471,0.026137946110,0.943047482419
id13023,0.027151029496,0.027209994136,0.945638976368
id24796,0.420404405375,0.034189480925,0.545406113700
id12284,0.029719716768,0.941109433596,0.029170849637
id02664,0.029649109068,0.943369616511,0.026981274421
id23767,0.936480394804,0.031638954365,0.031880650831
id05859,0.072584121921,0.609564792941,0.317851085138
id14350,0.024922397420,0.063742923993,0.911334678587
id01191,0.048746839465,0.899835289007,0.051417871528
id17034,0.034132386893,0.211993151416,0.753874461691
id25292,0.026107623162,0.949804591097,0.024087785741
id22121,0.941663860222,0.030014698546,0.028321441231
id20872,0.942963117633,0.028927212055,0.028109670312
id17720,0.034787559072,0.938876202433,0.026336238495
id22658,0.028783574952,0.941056926813,0.030159498234
id09567,0.939304891119,0.032143526889,0.028551581992
id16445,0.940408204585,0.028514765533,0.031077029882
id08349,0.033997529593,0.935331030479,0.030671439928
id27437,0.250395154945,0.030830625220,0.718774219835
id03812,0.933641065906,0.037516962062,0.028841972032
id22304,0.938652997080,0.028714013604,0.032632989316
id04449,0.033997761263,0.937647979381,0.028354259356
id15605,0.041959681638,0.467268078022,0.490772240340
id01768,0.942001705655,0.029819291619,0.028179002726
id20019,0.028745992147,0.943712843103,0.027541164749
id09593,0.030201944731,0.941926551567,0.027871503702
id23179,0.049763769731,0.352961956491,0.597274273779
id21279,0.942626373491,0.030053884649,0.027319741860
id06711,0.029109781933,0.027615089651,0.943275128416
id14243,0.030505571887,0.940909719467,0.028584708646
id04839,0.027581155418,0.028294286606,0.944124557975
id17220,0.029720079457,0.941713950576,0.028565969967
id24177,0.919041260571,0.029853206745,0.051105532684
id20512,0.027304380905,0.027575293322,0.945120325773
id14036,0.029589144401,0.940975793673,0.029435061926
id25001,0.169702805922,0.033422280837,0.796874913241
id06175,0.029177001652,0.943174903468,0.027648094880
id24720,0.031916804239,0.937735557556,0.030347638205
id08070,0.948284599249,0.027374109570,0.024341291181
id18934,0.878038635305,0.090479633725,0.031481730970
id01338,0.941837177188,0.029250451105,0.028912371707
id19008,0.029744935027,0.940341603777,0.029913461196
id19632,0.030748476524,0.938997473809,0.030254049667
id26224,0.025675240379,0.025496151519,0.948828608103
id08219,0.938266760405,0.031633805724,0.030099433871
id24008,0.027380440328,0.027273862755,0.945345696917
id12475,0.360418885931,0.597619354814,0.041961759256
id05766,0.429663810134,0.127075921744,0.443260268122
id27386,0.025868382144,0.945236333011,0.028895284845
id12476,0.029452847821,0.942073552052,0.028473600127
id08311,0.946285576941,0.027476614605,0.026237808454
id04996,0.931673198425,0.043810625627,0.024516175948
id17350,0.032043966630,0.937277412813,0.030678620557
id05546,0.029726622239,0.940224313398,0.030049064364
id16504,0.029493659175,0.943170589196,0.027335751629
id05782,0.028038264978,0.027383940085,0.944577794937
id20560,0.787893752279,0.037803605191,0.174302642529
id14171,0.028481385239,0.030703900892,0.940814713869
id27461,0.034683413293,0.028403616449,0.936912970258
id03581,0.029646288146,0.033995799305,0.936357912550
id21847,0.028244811938,0.027105005329,0.944650182733
id11712,0.934928253099,0.036528537531,0.028543209370
id26738,0.030213223510,0.667918702468,0.301868074022
id13668,0.942366105326,0.028950868358,0.028683026317
id15114,0.939920520814,0.030795089865,0.029284389320
id20130,0.896884550442,0.039806716380,0.063308733179
id18331,0.942816772887,0.027709780716,0.029473446397
id24465,0.941999106861,0.029952978483,0.028047914656
id13539,0.940721719759,0.031275863352,0.028002416889
id27564,0.028224828603,0.942082171234,0.029693000162
id26043,0.028584028142,0.026465017792,0.944950954066
id04965,0.028685850578,0.025818784023,0.945495365398
id08645,0.027189306826,0.028285906386,0.944524786788
id26610,0.924472306914,0.029709726915,0.045817966171
id21737,0.458604568428,0.457787171940,0.083608259632
id25784,0.029667619578,0.941932486103,0.028399894319
id23030,0.945185823279,0.027931954566,0.026882222155
id16450,0.030559061624,0.940900509850,0.028540428526
id02161,0.225149733657,0.035595213263,0.739255053080
id25535,0.933354149411,0.034536340833,0.032109509755
id16566,0.948053093221,0.027734269046,0.024212637733
id05714,0.911633040863,0.060162795159,0.028204163978
id16524,0.253115228564,0.563691288233,0.183193483204
id23941,0.035755419292,0.773531906356,0.190712674352
id00831,0.026180347338,0.027185385595,0.946634267067
id18145,0.704634549474,0.132048358446,0.163317092080
id17227,0.944028496111,0.028794159331,0.027177344558
id09417,0.929628247188,0.033235433702,0.037136319110
id21307,0.938475460777,0.031853902639,0.029670636583
id05650,0.029408804996,0.943758890585,0.026832304420
id23901,0.812710068301,0.146904121002,0.040385810696
id05831,0.940469438893,0.030806672040,0.028723889067
id16708,0.028074098947,0.944125040237,0.027800860816
id02281,0.030918811457,0.029132230392,0.939948958151
id11599,0.080566617696,0.032028799072,0.887404583232
id18353,0.031355008019,0.929533238729,0.039111753251
id07413,0.028884350592,0.942842677459,0.028272971949
id15653,0.029357374043,0.940338884372,0.030303741585
id09715,0.028117190574,0.027625898539,0.944256910887
id05108,0.029385171567,0.944831589496,0.025783238937
id09537,0.653823729175,0.044169578360,0.302006692464
id27596,0.920926427841,0.047936959565,0.031136612594
id24255,0.028228448824,0.027104172613,0.944667378563
id05080,0.028199783549,0.027644243311,0.944155973139
id09484,0.939676258091,0.031025263263,0.029298478646
id14864,0.031245398300,0.026122661061,0.942631940638
id26836,0.937898176272,0.030470665688,0.031631158040
id07003,0.937203616527,0.032818155639,0.029978227835
id13750,0.029165981572,0.939999051325,0.030834967103
id21799,0.025124948661,0.027504393701,0.947370657639
id11285,0.937963308610,0.032156710421,0.029879980968
id04735,0.918957531513,0.028621952981,0.052420515505
id23049,0.027004291087,0.027334500069,0.945661208843
id05826,0.031831610504,0.934960613545,0.033207775951
id17916,0.029648818833,0.942029798074,0.028321383093
id14081,0.364944581518,0.033027009037,0.602028409445
id10527,0.029752388550,0.028568123579,0.941679487871
id16059,0.029307600734,0.938407572204,0.032284827062
id25542,0.939935621066,0.031195380468,0.028868998466
id05402,0.028409970268,0.026757166289,0.944832863443
id01927,0.086429603858,0.598621948378,0.314948447765
id27656,0.929851860083,0.029977553911,0.040170586006
id06708,0.117071921993,0.844302277814,0.038625800194
id03524,0.030882398157,0.937323918305,0.031793683538
id12297,0.203748271559,0.767736598383,0.028515130058
id03439,0.919973137319,0.040316392433,0.039710470247
id04587,0.029225911094,0.942725237653,0.028048851254
id25470,0.029263269931,0.942241383247,0.028495346822
id01212,0.030166391179,0.939588614388,0.030244994433
id13932,0.935395941184,0.033950937926,0.030653120890
id00124,0.060746064444,0.030531087722,0.908722847833
